sw061b004 4 0.2437739 0.070195 0.0860087 0.0875702 0 0 0 0 0 0 0 0 0 0 0 0 0 0 0 0 0 0 0 0 0 0 0 0 0 3 24966.3899 
sw061b004 5 1.3820834 0.4876334 0.438475 0.2353666 0.2206084 0 0 0 0 0 0 0 0 0 0 0 0 0 0 0 0 0 0 0 0 0 0 0 0 1 24969.98 
sw061b004 4 0.2390767 0.0699311 0.0800922 0.0890534 0 0 0 0 0 0 0 0 0 0 0 0 0 0 0 0 0 0 0 0 0 0 0 0 0 3 24971.952 
sw061b004 5 1.2529 0.450425 0.4240916 0.186375 0.1920084 0 0 0 0 0 0 0 0 0 0 0 0 0 0 0 0 0 0 0 0 0 0 0 0 1 24973.3847 
sw061b004 4 0.2654138 0.0976694 0.0850977 0.0826424 0 0 0 0 0 0 0 0 0 0 0 0 0 0 0 0 0 0 0 0 0 0 0 0 0 3 24974.028 
sw061b004 5 0.9263667 0.3112667 0.2818083 0.182325 0.1509667 0 0 0 0 0 0 0 0 0 0 0 0 0 0 0 0 0 0 0 0 0 0 0 0 1 24975.4854 
sw061b004 5 0.6821 0.2053917 0.152175 0.1519833 0.17255 0 0 0 0 0 0 0 0 0 0 0 0 0 0 0 0 0 0 0 0 0 0 0 0 1 24976.7128 
sw061b004 5 0.8259237 0.2650213 0.2709766 0.1534329 0.1364929 0 0 0 0 0 0 0 0 0 0 0 0 0 0 0 0 0 0 0 0 0 0 0 0 2 24978.8395 
sw061b004 6 1.1025386 0.314822 0.2862833 0.152625 0.1315667 0.2172416 0 0 0 0 0 0 0 0 0 0 0 0 0 0 0 0 0 0 0 0 0 0 0 1 24979.5153 
sw061b004 6 1.389 0.3634583 0.2691417 0.1917917 0.1663833 0.398225 0 0 0 0 0 0 0 0 0 0 0 0 0 0 0 0 0 0 0 0 0 0 0 1 24982.9791 
sw061b004 5 0.8233758 0.2649459 0.2653117 0.1560512 0.137067 0 0 0 0 0 0 0 0 0 0 0 0 0 0 0 0 0 0 0 0 0 0 0 0 2 24984.6279 
sw061b004 5 1.1274584 0.4197 0.38705 0.1476584 0.17305 0 0 0 0 0 0 0 0 0 0 0 0 0 0 0 0 0 0 0 0 0 0 0 0 1 24987.6635 
sw061b004 5 0.8451298 0.2912863 0.2613902 0.150831 0.1416223 0 0 0 0 0 0 0 0 0 0 0 0 0 0 0 0 0 0 0 0 0 0 0 0 2 24987.888 
sw061b004 6 1.1895 0.388025 0.3051333 0.1495417 0.1383417 0.2084583 0 0 0 0 0 0 0 0 0 0 0 0 0 0 0 0 0 0 0 0 0 0 0 1 24991.1605 
sw061b004 5 1.01615 0.3806917 0.3250083 0.1487167 0.1617333 0 0 0 0 0 0 0 0 0 0 0 0 0 0 0 0 0 0 0 0 0 0 0 0 1 24994.7393 
sw061b004 5 0.8904765 0.2975967 0.2807477 0.1524656 0.1596665 0 0 0 0 0 0 0 0 0 0 0 0 0 0 0 0 0 0 0 0 0 0 0 0 2 24995.0803 
sw061b004 5 1.0886917 0.3875501 0.3652749 0.1725296 0.1633371 0 0 0 0 0 0 0 0 0 0 0 0 0 0 0 0 0 0 0 0 0 0 0 0 1 24998.7125 
sw061b004 5 0.9070912 0.3076405 0.2996351 0.1549944 0.1448212 0 0 0 0 0 0 0 0 0 0 0 0 0 0 0 0 0 0 0 0 0 0 0 0 2 24999.0644 
sw061b004 5 1.1767417 0.4081167 0.3878833 0.18375 0.1969917 0 0 0 0 0 0 0 0 0 0 0 0 0 0 0 0 0 0 0 0 0 0 0 0 1 25002.6347 
sw061b004 5 1.4943084 0.5271084 0.4745166 0.2463084 0.246375 0 0 0 0 0 0 0 0 0 0 0 0 0 0 0 0 0 0 0 0 0 0 0 0 1 25018.183 
sw061b004 5 1.3599199 0.485774 0.4786889 0.1931354 0.2023216 0 0 0 0 0 0 0 0 0 0 0 0 0 0 0 0 0 0 0 0 0 0 0 0 2 25018.9452 
sw061b004 5 1.3826065 0.5546707 0.4666191 0.1631852 0.1981315 0 0 0 0 0 0 0 0 0 0 0 0 0 0 0 0 0 0 0 0 0 0 0 0 1 25022.7806 
sw061b004 5 1.3651424 0.5097488 0.4571359 0.1967414 0.2015163 0 0 0 0 0 0 0 0 0 0 0 0 0 0 0 0 0 0 0 0 0 0 0 0 2 25023.4553 
sw061b004 5 1.4181167 0.5028833 0.4830334 0.2039583 0.2282417 0 0 0 0 0 0 0 0 0 0 0 0 0 0 0 0 0 0 0 0 0 0 0 0 1 25027.4238 
sw061b004 5 1.3656313 0.4986402 0.4658014 0.2150912 0.1860985 0 0 0 0 0 0 0 0 0 0 0 0 0 0 0 0 0 0 0 0 0 0 0 0 2 25027.6997 
sw061b004 5 1.3316934 0.4864903 0.4487562 0.1913902 0.2050567 0 0 0 0 0 0 0 0 0 0 0 0 0 0 0 0 0 0 0 0 0 0 0 0 2 25032.2946 
sw061b004 5 1.3818607 0.4897199 0.4695904 0.2110358 0.2115146 0 0 0 0 0 0 0 0 0 0 0 0 0 0 0 0 0 0 0 0 0 0 0 0 2 25047.5754 
sw061b004 5 1.3451417 0.4795083 0.4701084 0.1916 0.203925 0 0 0 0 0 0 0 0 0 0 0 0 0 0 0 0 0 0 0 0 0 0 0 0 1 25048.5347 
sw061b004 5 1.3380818 0.4808434 0.4575329 0.1916631 0.2080424 0 0 0 0 0 0 0 0 0 0 0 0 0 0 0 0 0 0 0 0 0 0 0 0 2 25052.1386 
sw061b004 5 1.2993318 0.4686144 0.453186 0.1838709 0.1936605 0 0 0 0 0 0 0 0 0 0 0 0 0 0 0 0 0 0 0 0 0 0 0 0 2 25056.1835 
sw061b004 6 1.3078167 0.5257667 0.38465 0.082325 0.1297916 0.1852834 0 0 0 0 0 0 0 0 0 0 0 0 0 0 0 0 0 0 0 0 0 0 0 1 25056.3934 
sw061b004 5 1.2906489 0.4646395 0.4394953 0.202534 0.1839801 0 0 0 0 0 0 0 0 0 0 0 0 0 0 0 0 0 0 0 0 0 0 0 0 2 25059.9778 
sw061b004 5 1.2109916 0.4459583 0.4397 0.151725 0.1736083 0 0 0 0 0 0 0 0 0 0 0 0 0 0 0 0 0 0 0 0 0 0 0 0 1 25060.5247 
sw061b004 5 1.2932875 0.4645041 0.446104 0.1887148 0.1939646 0 0 0 0 0 0 0 0 0 0 0 0 0 0 0 0 0 0 0 0 0 0 0 0 2 25063.407 
sw061b004 5 1.2975638 0.458524 0.4557474 0.1970461 0.1862463 0 0 0 0 0 0 0 0 0 0 0 0 0 0 0 0 0 0 0 0 0 0 0 0 2 25066.956 
sw061b004 5 1.3269293 0.4723206 0.4580382 0.1878767 0.2086938 0 0 0 0 0 0 0 0 0 0 0 0 0 0 0 0 0 0 0 0 0 0 0 0 2 25073.571 
sw061b004 8 1.4934083 0.4579333 0.37933 0.10072 0.0821 0.1131584 0.172725 0.1874416 0 0 0 0 0 0 0 0 0 0 0 0 0 0 0 0 0 0 0 0 0 1 25076.7796 
sw061b004 5 1.2649529 0.473866 0.434082 0.1762651 0.1807398 0 0 0 0 0 0 0 0 0 0 0 0 0 0 0 0 0 0 0 0 0 0 0 0 2 25077.6335 
sw061b004 9 1.6341833 0.4742583 0.37575 0.1054417 0.0955 0.0979166 0.109 0.143975 0.2323417 0 0 0 0 0 0 0 0 0 0 0 0 0 0 0 0 0 0 0 0 1 25081.7048 
sw061b004 9 1.6367166 0.4872666 0.3534 0.10775 0.0992167 0.1171583 0.134325 0.1473584 0.1902416 0 0 0 0 0 0 0 0 0 0 0 0 0 0 0 0 0 0 0 0 1 25086.9932 
