sw061b002_13766 5 1.2811749 0.4398423 0.4769565 0.1817937 0.1825824 0 0 0 0 0 0 0 0 0 0 0 0 0 0 0 0 0 0 0 0 0 0 0 0 2 13772.8452 
sw061b002_13766 5 1.2614434 0.4210735 0.4682008 0.2159582 0.1562109 0 0 0 0 0 0 0 0 0 0 0 0 0 0 0 0 0 0 0 0 0 0 0 0 2 13777.8194 
sw061b002_13766 5 1.0769639 0.3739229 0.3670146 0.1832224 0.1527939 0 0 0 0 0 0 0 0 0 0 0 0 0 0 0 0 0 0 0 0 0 0 0 0 2 13780.52 
sw061b002_13766 5 1.3729583 0.4838166 0.4827917 0.2126167 0.1937333 0 0 0 0 0 0 0 0 0 0 0 0 0 0 0 0 0 0 0 0 0 0 0 0 1 13783.7876 
sw061b002_13766 5 1.4024953 0.51005 0.4746083 0.189675 0.228162 0 0 0 0 0 0 0 0 0 0 0 0 0 0 0 0 0 0 0 0 0 0 0 0 1 13787.797 
sw061b002_13766 3 0.5548603 0.3501074 0.2047529 0 0 0 0 0 0 0 0 0 0 0 0 0 0 0 0 0 0 0 0 0 0 0 0 0 0 2 13788.7296 
sw061b002_13766 5 1.363775 0.4897833 0.4616333 0.2041417 0.2082167 0 0 0 0 0 0 0 0 0 0 0 0 0 0 0 0 0 0 0 0 0 0 0 0 1 13791.8055 
sw061b002_13766 5 1.0902167 0.4027583 0.3626584 0.1866583 0.1381417 0 0 0 0 0 0 0 0 0 0 0 0 0 0 0 0 0 0 0 0 0 0 0 0 2 13792.1002 
sw061b002_13766 5 1.3564583 0.4834833 0.4570417 0.200475 0.2154583 0 0 0 0 0 0 0 0 0 0 0 0 0 0 0 0 0 0 0 0 0 0 0 0 1 13795.5212 
sw061b002_13766 5 1.4225333 0.4924083 0.476625 0.2355167 0.2179833 0 0 0 0 0 0 0 0 0 0 0 0 0 0 0 0 0 0 0 0 0 0 0 0 1 13799.2198 
sw061b002_13766 5 1.1494833 0.4040417 0.3932416 0.1894584 0.1627416 0 0 0 0 0 0 0 0 0 0 0 0 0 0 0 0 0 0 0 0 0 0 0 0 2 13801.2004 
sw061b002_13766 5 1.388025 0.4933834 0.4735916 0.2053334 0.2157166 0 0 0 0 0 0 0 0 0 0 0 0 0 0 0 0 0 0 0 0 0 0 0 0 1 13804.2865 
sw061b002_13766 5 1.143225 0.4139166 0.3866 0.177325 0.1653834 0 0 0 0 0 0 0 0 0 0 0 0 0 0 0 0 0 0 0 0 0 0 0 0 2 13805.4356 
sw061b002_13766 5 1.348075 0.485375 0.44445 0.205825 0.212425 0 0 0 0 0 0 0 0 0 0 0 0 0 0 0 0 0 0 0 0 0 0 0 0 1 13808.2236 
sw061b002_13766 5 1.0706167 0.3710917 0.3680667 0.1733416 0.1581167 0 0 0 0 0 0 0 0 0 0 0 0 0 0 0 0 0 0 0 0 0 0 0 0 2 13809.6232 
sw061b002_13766 5 1.0961584 0.393475 0.370025 0.1853834 0.147275 0 0 0 0 0 0 0 0 0 0 0 0 0 0 0 0 0 0 0 0 0 0 0 0 1 13814.8271 
sw061b002_13766 5 1.13985 0.4009917 0.4032198 0.1844552 0.1511833 0 0 0 0 0 0 0 0 0 0 0 0 0 0 0 0 0 0 0 0 0 0 0 0 1 13819.1076 
sw061b002_13766 5 1.0745886 0.3705291 0.3492854 0.1898487 0.1649254 0 0 0 0 0 0 0 0 0 0 0 0 0 0 0 0 0 0 0 0 0 0 0 0 2 13819.1866 
sw061b002_13766 5 1.08535 0.4371334 0.3633083 0.1544833 0.130425 0 0 0 0 0 0 0 0 0 0 0 0 0 0 0 0 0 0 0 0 0 0 0 0 1 13823.0978 
sw061b002_13766 5 0.9732383 0.3010422 0.3271024 0.1882073 0.1568864 0 0 0 0 0 0 0 0 0 0 0 0 0 0 0 0 0 0 0 0 0 0 0 0 2 13823.4845 
sw061b002_13766 5 0.9565345 0.3061536 0.3100619 0.189922 0.150397 0 0 0 0 0 0 0 0 0 0 0 0 0 0 0 0 0 0 0 0 0 0 0 0 2 13827.3072 
sw061b002_13766 5 1.0805916 0.414825 0.3673416 0.1551167 0.1433083 0 0 0 0 0 0 0 0 0 0 0 0 0 0 0 0 0 0 0 0 0 0 0 0 1 13828.3371 
sw061b002_13766 6 1.1322833 0.410775 0.3451833 0.106 0.0998667 0.1704583 0 0 0 0 0 0 0 0 0 0 0 0 0 0 0 0 0 0 0 0 0 0 0 1 13831.7344 
sw061b002_13766 5 1.1832417 0.4534667 0.3901083 0.1697584 0.1699083 0 0 0 0 0 0 0 0 0 0 0 0 0 0 0 0 0 0 0 0 0 0 0 0 1 13838.8912 
sw061b002_13766 5 1.1988167 0.4556667 0.4114417 0.1656083 0.1661 0 0 0 0 0 0 0 0 0 0 0 0 0 0 0 0 0 0 0 0 0 0 0 0 1 13843.5774 
sw061b002_13766 5 1.167475 0.4345083 0.4071 0.1635917 0.162275 0 0 0 0 0 0 0 0 0 0 0 0 0 0 0 0 0 0 0 0 0 0 0 0 1 13847.8539 
sw061b002_13766 5 1.1105333 0.3960583 0.3682667 0.1692417 0.1769666 0 0 0 0 0 0 0 0 0 0 0 0 0 0 0 0 0 0 0 0 0 0 0 0 1 13851.2558 
sw061b002_13766 10 1.6640666 0.26265 0.2341 0.1821833 0.1552083 0.2040417 0.1951417 0.106625 0.136925 0.1871916 0 0 0 0 0 0 0 0 0 0 0 0 0 0 0 0 0 0 0 1 13853.04479 
sw061b002_13766 4 1.1483334 0.4156373 0.381149 0.3515471 0 0 0 0 0 0 0 0 0 0 0 0 0 0 0 0 0 0 0 0 0 0 0 0 0 2 13853.5121 
sw061b002_13766 4 1.067342 0.3863003 0.3733153 0.3077264 0 0 0 0 0 0 0 0 0 0 0 0 0 0 0 0 0 0 0 0 0 0 0 0 0 2 13857.7286 
sw061b002_13766 5 0.872275 0.2884145 0.2875022 0.1630667 0.1332916 0 0 0 0 0 0 0 0 0 0 0 0 0 0 0 0 0 0 0 0 0 0 0 0 1 13857.8265 
sw061b002_13766 4 1.0911703 0.3904509 0.3645468 0.3361726 0 0 0 0 0 0 0 0 0 0 0 0 0 0 0 0 0 0 0 0 0 0 0 0 0 2 13861.7054 
sw061b002_13766 4 1.2238037 0.4411929 0.4085262 0.3740846 0 0 0 0 0 0 0 0 0 0 0 0 0 0 0 0 0 0 0 0 0 0 0 0 0 2 13867.9248 
sw061b002_13766 4 1.2103 0.4417333 0.3911917 0.377375 0 0 0 0 0 0 0 0 0 0 0 0 0 0 0 0 0 0 0 0 0 0 0 0 0 2 13871.8199 
sw061b002_13766 4 1.2299083 0.4349416 0.4140667 0.3809 0 0 0 0 0 0 0 0 0 0 0 0 0 0 0 0 0 0 0 0 0 0 0 0 0 2 13875.7371 
sw061b002_13766 4 1.2635917 0.4496834 0.42325 0.3906583 0 0 0 0 0 0 0 0 0 0 0 0 0 0 0 0 0 0 0 0 0 0 0 0 0 2 13879.7973 
sw061b002_13766 4 1.2918833 0.4574167 0.43135 0.4031166 0 0 0 0 0 0 0 0 0 0 0 0 0 0 0 0 0 0 0 0 0 0 0 0 0 2 13883.8442 
