sw061b003 5 0.5086728 0.1485236 0.1322945 0.1148491 0.1130056 0 0 0 0 0 0 0 0 0 0 0 0 0 0 0 0 0 0 0 0 0 0 0 0 2 15474.6495 
sw061b003 5 0.7464 0.2477417 0.2295166 0.1529084 0.1162333 0 0 0 0 0 0 0 0 0 0 0 0 0 0 0 0 0 0 0 0 0 0 0 0 1 15479.5377 
sw061b003 5 0.7711057 0.2490914 0.2578567 0.1369086 0.127249 0 0 0 0 0 0 0 0 0 0 0 0 0 0 0 0 0 0 0 0 0 0 0 0 2 15483.6846 
sw061b003 5 0.793675 0.238225 0.2501417 0.16 0.1453083 0 0 0 0 0 0 0 0 0 0 0 0 0 0 0 0 0 0 0 0 0 0 0 0 1 15483.8574 
sw061b003 5 0.7660833 0.2430916 0.2482584 0.1514916 0.1232417 0 0 0 0 0 0 0 0 0 0 0 0 0 0 0 0 0 0 0 0 0 0 0 0 1 15487.7062 
sw061b003 5 0.7506056 0.2306777 0.2460111 0.151672 0.1222448 0 0 0 0 0 0 0 0 0 0 0 0 0 0 0 0 0 0 0 0 0 0 0 0 2 15487.758 
sw061b003 5 0.7902768 0.2509538 0.2670145 0.14804 0.1242685 0 0 0 0 0 0 0 0 0 0 0 0 0 0 0 0 0 0 0 0 0 0 0 0 2 15492.3315 
sw061b003 5 0.759325 0.2346167 0.242 0.1552833 0.127425 0 0 0 0 0 0 0 0 0 0 0 0 0 0 0 0 0 0 0 0 0 0 0 0 1 15492.4026 
sw061b003 5 0.7812167 0.236225 0.2701917 0.1513167 0.1234833 0 0 0 0 0 0 0 0 0 0 0 0 0 0 0 0 0 0 0 0 0 0 0 0 1 15495.842 
sw061b003 5 0.9257805 0.3271103 0.3041582 0.1688534 0.1256586 0 0 0 0 0 0 0 0 0 0 0 0 0 0 0 0 0 0 0 0 0 0 0 0 2 15496.7841 
sw061b003 5 0.9030722 0.3142831 0.2949324 0.157739 0.1361177 0 0 0 0 0 0 0 0 0 0 0 0 0 0 0 0 0 0 0 0 0 0 0 0 2 15500.7239 
sw061b003 5 0.89385 0.289975 0.3028334 0.1616083 0.1394333 0 0 0 0 0 0 0 0 0 0 0 0 0 0 0 0 0 0 0 0 0 0 0 0 1 15505.3729 
sw061b003 5 1.010392 0.3624702 0.3434244 0.1554238 0.1490736 0 0 0 0 0 0 0 0 0 0 0 0 0 0 0 0 0 0 0 0 0 0 0 0 2 15505.5123 
sw061b003 5 1.0915008 0.3804711 0.3756095 0.1906183 0.1448019 0 0 0 0 0 0 0 0 0 0 0 0 0 0 0 0 0 0 0 0 0 0 0 0 2 15511.4451 
sw061b003 5 0.956275 0.32495 0.3201083 0.155925 0.1552917 0 0 0 0 0 0 0 0 0 0 0 0 0 0 0 0 0 0 0 0 0 0 0 0 1 15512.0031 
sw061b003 5 1.173025 0.408773 0.4070892 0.1860669 0.1710959 0 0 0 0 0 0 0 0 0 0 0 0 0 0 0 0 0 0 0 0 0 0 0 0 2 15515.8249 
sw061b003 5 0.9456667 0.319575 0.3153167 0.1691416 0.1416334 0 0 0 0 0 0 0 0 0 0 0 0 0 0 0 0 0 0 0 0 0 0 0 0 1 15517.1573 
sw061b003 5 1.1877672 0.4210823 0.3988142 0.1883974 0.1794733 0 0 0 0 0 0 0 0 0 0 0 0 0 0 0 0 0 0 0 0 0 0 0 0 2 15519.8926 
sw061b003 5 1.1946962 0.4259214 0.4041513 0.1915691 0.1730544 0 0 0 0 0 0 0 0 0 0 0 0 0 0 0 0 0 0 0 0 0 0 0 0 2 15523.4873 
sw061b003 5 0.9677416 0.3361 0.3317083 0.161575 0.1383583 0 0 0 0 0 0 0 0 0 0 0 0 0 0 0 0 0 0 0 0 0 0 0 0 1 15523.9813 
sw061b003 5 1.1961266 0.4300148 0.3839559 0.1982269 0.183929 0 0 0 0 0 0 0 0 0 0 0 0 0 0 0 0 0 0 0 0 0 0 0 0 2 15527.1262 
sw061b003 5 0.9564333 0.3381416 0.32645 0.1509417 0.1409 0 0 0 0 0 0 0 0 0 0 0 0 0 0 0 0 0 0 0 0 0 0 0 0 1 15527.6021 
sw061b003 5 1.1764519 0.4173111 0.4095853 0.1754464 0.1741091 0 0 0 0 0 0 0 0 0 0 0 0 0 0 0 0 0 0 0 0 0 0 0 0 2 15531.0327 
sw061b003 5 0.9585084 0.328225 0.3395917 0.1559 0.1347917 0 0 0 0 0 0 0 0 0 0 0 0 0 0 0 0 0 0 0 0 0 0 0 0 1 15531.6034 
sw061b003 5 1.1778959 0.4182053 0.3919439 0.1986845 0.1690622 0 0 0 0 0 0 0 0 0 0 0 0 0 0 0 0 0 0 0 0 0 0 0 0 2 15534.9107 
sw061b003 5 1.0144083 0.363125 0.3444 0.1664833 0.1404 0 0 0 0 0 0 0 0 0 0 0 0 0 0 0 0 0 0 0 0 0 0 0 0 1 15535.6717 
sw061b003 5 1.1819517 0.4229085 0.3917978 0.1910734 0.176172 0 0 0 0 0 0 0 0 0 0 0 0 0 0 0 0 0 0 0 0 0 0 0 0 2 15538.7029 
sw061b003 5 1.033875 0.370225 0.3437583 0.1807167 0.139175 0 0 0 0 0 0 0 0 0 0 0 0 0 0 0 0 0 0 0 0 0 0 0 0 1 15539.6736 
sw061b003 5 1.1855751 0.4249507 0.3916675 0.1997441 0.1692128 0 0 0 0 0 0 0 0 0 0 0 0 0 0 0 0 0 0 0 0 0 0 0 0 2 15542.4777 
sw061b003 5 1.0366667 0.3708917 0.3347917 0.1746666 0.1563167 0 0 0 0 0 0 0 0 0 0 0 0 0 0 0 0 0 0 0 0 0 0 0 0 1 15543.7144 
sw061b003 5 1.1731822 0.4402369 0.392385 0.1874049 0.1531554 0 0 0 0 0 0 0 0 0 0 0 0 0 0 0 0 0 0 0 0 0 0 0 0 2 15546.4593 
sw061b003 5 1.0271166 0.3697916 0.333975 0.1823417 0.1410083 0 0 0 0 0 0 0 0 0 0 0 0 0 0 0 0 0 0 0 0 0 0 0 0 1 15547.3317 
sw061b003 5 1.2068386 0.437883 0.3919238 0.2049838 0.172048 0 0 0 0 0 0 0 0 0 0 0 0 0 0 0 0 0 0 0 0 0 0 0 0 2 15550.4781 
sw061b003 5 1.0380166 0.3785666 0.3353584 0.168625 0.1554666 0 0 0 0 0 0 0 0 0 0 0 0 0 0 0 0 0 0 0 0 0 0 0 0 1 15551.4704 
sw061b003 5 1.0521083 0.3849833 0.34475 0.1564 0.165975 0 0 0 0 0 0 0 0 0 0 0 0 0 0 0 0 0 0 0 0 0 0 0 0 1 15555.2331 
sw061b003 5 1.0684583 0.3929917 0.349025 0.1689083 0.1575333 0 0 0 0 0 0 0 0 0 0 0 0 0 0 0 0 0 0 0 0 0 0 0 0 1 15558.9786 
sw061b003 5 1.0656083 0.3857167 0.3597166 0.1649334 0.1552416 0 0 0 0 0 0 0 0 0 0 0 0 0 0 0 0 0 0 0 0 0 0 0 0 1 15562.6353 
sw061b003 5 1.04845 0.3784833 0.3368584 0.1672083 0.1659 0 0 0 0 0 0 0 0 0 0 0 0 0 0 0 0 0 0 0 0 0 0 0 0 1 15566.3336 
sw061b003 5 1.0675417 0.3729584 0.352775 0.1728416 0.1689667 0 0 0 0 0 0 0 0 0 0 0 0 0 0 0 0 0 0 0 0 0 0 0 0 1 15570.7331 
sw061b003 5 1.0302917 0.359525 0.3453834 0.1695833 0.1558 0 0 0 0 0 0 0 0 0 0 0 0 0 0 0 0 0 0 0 0 0 0 0 0 1 15574.5024 
sw061b003 5 1.018925 0.3469 0.3474833 0.1809083 0.1436334 0 0 0 0 0 0 0 0 0 0 0 0 0 0 0 0 0 0 0 0 0 0 0 0 1 15578.7788 
sw061b003 7 0.4509991 0.0586055 0.0771782 0.0000032 0.0811221 0.085254 0.1488361 0 0 0 0 0 0 0 0 0 0 0 0 0 0 0 0 0 0 0 0 0 0 3 15583.6505 
sw061b003 5 0.7301359 0.212321 0.2470756 0.157189 0.1135503 0 0 0 0 0 0 0 0 0 0 0 0 0 0 0 0 0 0 0 0 0 0 0 0 4 15586.9568 
sw061b003 5 0.6830844 0.1960637 0.183822 0.1587365 0.144459 0 0 0 0 0 0 0 0 0 0 0 0 0 0 0 0 0 0 0 0 0 0 0 0 4 15591.3291 
sw061b003 5 0.7726319 0.2458768 0.2589736 0.1363241 0.1314574 0 0 0 0 0 0 0 0 0 0 0 0 0 0 0 0 0 0 0 0 0 0 0 0 4 15595.7349 
sw061b003 5 1.0942586 0.3939646 0.3770261 0.1637714 0.1594965 0 0 0 0 0 0 0 0 0 0 0 0 0 0 0 0 0 0 0 0 0 0 0 0 3 15598.3641 
sw061b003 5 0.7604523 0.2341711 0.2345928 0.1544989 0.1371781 0 0 0 0 0 0 0 0 0 0 0 0 0 0 0 0 0 0 0 0 0 0 0 0 4 15601.2794 
sw061b003 5 1.0244546 0.3658963 0.3491981 0.1659894 0.1433708 0 0 0 0 0 0 0 0 0 0 0 0 0 0 0 0 0 0 0 0 0 0 0 0 3 15604.822 
sw061b003 5 0.7282136 0.2277568 0.2190042 0.1674958 0.1139568 0 0 0 0 0 0 0 0 0 0 0 0 0 0 0 0 0 0 0 0 0 0 0 0 4 15606.9875 
sw061b003 5 0.7313782 0.2321494 0.2218425 0.1607142 0.1166688 0 0 0 0 0 0 0 0 0 0 0 0 0 0 0 0 0 0 0 0 0 0 0 0 2 15610.4107 
sw061b003 5 1.0374729 0.3802367 0.3490164 0.1542489 0.1539709 0 0 0 0 0 0 0 0 0 0 0 0 0 0 0 0 0 0 0 0 0 0 0 0 3 15610.5318 
sw061b003 5 1.1263333 0.3829557 0.3814776 0.2002167 0.1616833 0 0 0 0 0 0 0 0 0 0 0 0 0 0 0 0 0 0 0 0 0 0 0 0 1 15610.7591 
sw061b003 5 1.0214035 0.3659894 0.3435436 0.1533146 0.1585559 0 0 0 0 0 0 0 0 0 0 0 0 0 0 0 0 0 0 0 0 0 0 0 0 2 15614.2749 
sw061b003 5 1.2020583 0.3783583 0.3756417 0.1802333 0.267825 0 0 0 0 0 0 0 0 0 0 0 0 0 0 0 0 0 0 0 0 0 0 0 0 1 15615.0804 
sw061b003 5 0.7810254 0.2154164 0.2540992 0.1860516 0.1254582 0 0 0 0 0 0 0 0 0 0 0 0 0 0 0 0 0 0 0 0 0 0 0 0 3 15615.9451 
sw061b003 5 1.034075 0.3736584 0.3308333 0.184525 0.1450583 0 0 0 0 0 0 0 0 0 0 0 0 0 0 0 0 0 0 0 0 0 0 0 0 1 15618.8316 
sw061b003 5 1.0752493 0.4046806 0.3589677 0.1563558 0.1552452 0 0 0 0 0 0 0 0 0 0 0 0 0 0 0 0 0 0 0 0 0 0 0 0 2 15618.9026 
sw061b003 5 0.7530659 0.2425822 0.2355525 0.164154 0.1107772 0 0 0 0 0 0 0 0 0 0 0 0 0 0 0 0 0 0 0 0 0 0 0 0 3 15620.4445 
sw061b003 5 1.0480417 0.3585167 0.3547916 0.170325 0.1644084 0 0 0 0 0 0 0 0 0 0 0 0 0 0 0 0 0 0 0 0 0 0 0 0 1 15622.4986 
sw061b003 5 1.0009114 0.3798272 0.3331798 0.1459232 0.1419812 0 0 0 0 0 0 0 0 0 0 0 0 0 0 0 0 0 0 0 0 0 0 0 0 2 15622.7905 
sw061b003 5 0.7510627 0.233279 0.2536794 0.1350037 0.1291006 0 0 0 0 0 0 0 0 0 0 0 0 0 0 0 0 0 0 0 0 0 0 0 0 3 15623.2348 
sw061b003 5 1.0299167 0.359725 0.3396 0.1643167 0.166275 0 0 0 0 0 0 0 0 0 0 0 0 0 0 0 0 0 0 0 0 0 0 0 0 1 15625.9998 
sw061b003 5 0.9895819 0.3839465 0.3264208 0.1417629 0.1374517 0 0 0 0 0 0 0 0 0 0 0 0 0 0 0 0 0 0 0 0 0 0 0 0 2 15626.6679 
sw061b003 5 1.0887333 0.3972166 0.3695584 0.1633833 0.158575 0 0 0 0 0 0 0 0 0 0 0 0 0 0 0 0 0 0 0 0 0 0 0 0 1 15629.8934 
sw061b003 5 1.0110091 0.3839788 0.3396662 0.1465201 0.140844 0 0 0 0 0 0 0 0 0 0 0 0 0 0 0 0 0 0 0 0 0 0 0 0 2 15630.228 
sw061b003 5 1.0520833 0.368225 0.336 0.1878417 0.1600166 0 0 0 0 0 0 0 0 0 0 0 0 0 0 0 0 0 0 0 0 0 0 0 0 1 15633.5823 
sw061b003 5 1.07485 0.3780083 0.3599583 0.1813667 0.1555167 0 0 0 0 0 0 0 0 0 0 0 0 0 0 0 0 0 0 0 0 0 0 0 0 1 15637.3031 
sw061b003 4 0.9733872 0.3285447 0.3236312 0.3212113 0 0 0 0 0 0 0 0 0 0 0 0 0 0 0 0 0 0 0 0 0 0 0 0 0 2 15643.1071 
sw061b003 5 0.8286815 0.2655999 0.2717915 0.1649922 0.1262979 0 0 0 0 0 0 0 0 0 0 0 0 0 0 0 0 0 0 0 0 0 0 0 0 3 15644.489 
sw061b003 4 0.8646137 0.2969697 0.2692169 0.2984271 0 0 0 0 0 0 0 0 0 0 0 0 0 0 0 0 0 0 0 0 0 0 0 0 0 4 15645.1053 
sw061b003 5 0.8541109 0.2759468 0.2739583 0.1739285 0.1302773 0 0 0 0 0 0 0 0 0 0 0 0 0 0 0 0 0 0 0 0 0 0 0 0 3 15647.8743 
sw061b003 5 0.8958917 0.290322 0.305203 0.1731 0.1272667 0 0 0 0 0 0 0 0 0 0 0 0 0 0 0 0 0 0 0 0 0 0 0 0 1 15648.1503 
sw061b003 4 0.809764 0.2798755 0.2601099 0.2697786 0 0 0 0 0 0 0 0 0 0 0 0 0 0 0 0 0 0 0 0 0 0 0 0 0 2 15649.2835 
sw061b003 5 0.8197104 0.2540097 0.2295958 0.1778734 0.1582315 0 0 0 0 0 0 0 0 0 0 0 0 0 0 0 0 0 0 0 0 0 0 0 0 2 15651.8727 
sw061b003 4 0.790852 0.2880268 0.237532 0.2652932 0 0 0 0 0 0 0 0 0 0 0 0 0 0 0 0 0 0 0 0 0 0 0 0 0 3 15652.3398 
sw061b003 5 0.8544901 0.2871766 0.280209 0.1545436 0.1325609 0 0 0 0 0 0 0 0 0 0 0 0 0 0 0 0 0 0 0 0 0 0 0 0 1 15652.4962 
sw061b003 6 1.0079768 0.2480888 0.2281429 0.1519661 0.1686901 0.2110889 0 0 0 0 0 0 0 0 0 0 0 0 0 0 0 0 0 0 0 0 0 0 0 2 15655.1602 
sw061b003 5 0.84825 0.287175 0.2655667 0.151475 0.1440333 0 0 0 0 0 0 0 0 0 0 0 0 0 0 0 0 0 0 0 0 0 0 0 0 1 15656.2545 
sw061b003 4 0.827222 0.2781969 0.2633408 0.2856843 0 0 0 0 0 0 0 0 0 0 0 0 0 0 0 0 0 0 0 0 0 0 0 0 0 3 15656.3559 
sw061b003 5 0.7633198 0.2641693 0.2292239 0.162188 0.1077386 0 0 0 0 0 0 0 0 0 0 0 0 0 0 0 0 0 0 0 0 0 0 0 0 2 15659.5662 
sw061b003 5 0.8334932 0.2880849 0.2666667 0.1506083 0.1281333 0 0 0 0 0 0 0 0 0 0 0 0 0 0 0 0 0 0 0 0 0 0 0 0 1 15660.2961 
sw061b003 4 0.8396361 0.2852328 0.2827767 0.2716266 0 0 0 0 0 0 0 0 0 0 0 0 0 0 0 0 0 0 0 0 0 0 0 0 0 3 15660.3172 
sw061b003 5 0.8152182 0.2567921 0.2484895 0.1644847 0.1454519 0 0 0 0 0 0 0 0 0 0 0 0 0 0 0 0 0 0 0 0 0 0 0 0 2 15664.4331 
sw061b003 5 0.821225 0.3086 0.2298666 0.1618917 0.1208667 0 0 0 0 0 0 0 0 0 0 0 0 0 0 0 0 0 0 0 0 0 0 0 0 1 15664.6899 
sw061b003 4 0.8021451 0.2715104 0.2437364 0.2868983 0 0 0 0 0 0 0 0 0 0 0 0 0 0 0 0 0 0 0 0 0 0 0 0 0 3 15664.7757 
sw061b003 5 0.8155095 0.2756492 0.2456493 0.1471446 0.1470664 0 0 0 0 0 0 0 0 0 0 0 0 0 0 0 0 0 0 0 0 0 0 0 0 2 15668.2435 
sw061b003 5 0.83 0.261275 0.2802166 0.1658167 0.1226917 0 0 0 0 0 0 0 0 0 0 0 0 0 0 0 0 0 0 0 0 0 0 0 0 1 15668.6743 
sw061b003 4 0.7905475 0.2942208 0.2440823 0.2522444 0 0 0 0 0 0 0 0 0 0 0 0 0 0 0 0 0 0 0 0 0 0 0 0 0 3 15668.7648 
sw061b003 5 0.8126677 0.2667645 0.2372441 0.1569414 0.1517177 0 0 0 0 0 0 0 0 0 0 0 0 0 0 0 0 0 0 0 0 0 0 0 0 2 15672.2118 
sw061b003 5 0.8683833 0.2883416 0.2783667 0.1607833 0.1408917 0 0 0 0 0 0 0 0 0 0 0 0 0 0 0 0 0 0 0 0 0 0 0 0 1 15672.8881 
sw061b003 5 0.7848303 0.2304168 0.2416802 0.1775354 0.1351979 0 0 0 0 0 0 0 0 0 0 0 0 0 0 0 0 0 0 0 0 0 0 0 0 2 15676.9028 
sw061b003 4 0.7185 0.2409166 0.3196917 0.1578917 0 0 0 0 0 0 0 0 0 0 0 0 0 0 0 0 0 0 0 0 0 0 0 0 0 1 15676.9691 
sw061b003 5 0.8250293 0.2745667 0.2426076 0.1648764 0.1429786 0 0 0 0 0 0 0 0 0 0 0 0 0 0 0 0 0 0 0 0 0 0 0 0 2 15680.4419 
sw061b003 5 0.9305667 0.314825 0.290275 0.1683917 0.157075 0 0 0 0 0 0 0 0 0 0 0 0 0 0 0 0 0 0 0 0 0 0 0 0 1 15681.3935 
sw061b003 5 0.8177277 0.2512835 0.2682293 0.1613882 0.1368267 0 0 0 0 0 0 0 0 0 0 0 0 0 0 0 0 0 0 0 0 0 0 0 0 2 15684.1546 
sw061b003 5 0.9664 0.3361666 0.315125 0.1694 0.1457084 0 0 0 0 0 0 0 0 0 0 0 0 0 0 0 0 0 0 0 0 0 0 0 0 1 15685.8098 
sw061b003 4 0.9900942 0.346901 0.3443718 0.2988214 0 0 0 0 0 0 0 0 0 0 0 0 0 0 0 0 0 0 0 0 0 0 0 0 0 3 15686.4059 
sw061b003 5 0.8631037 0.2530931 0.2369896 0.1729046 0.2001164 0 0 0 0 0 0 0 0 0 0 0 0 0 0 0 0 0 0 0 0 0 0 0 0 2 15688.2571 
sw061b003 7 1.1172917 0.5007667 0.1567333 0.1298583 0.1058917 0.09875 0.1252917 0 0 0 0 0 0 0 0 0 0 0 0 0 0 0 0 0 0 0 0 0 0 1 15689.8289 
sw061b003 4 1.0066215 0.3599081 0.3253111 0.3214023 0 0 0 0 0 0 0 0 0 0 0 0 0 0 0 0 0 0 0 0 0 0 0 0 0 3 15690.02 
sw061b003 5 0.7726364 0.257933 0.2207754 0.1648547 0.1290733 0 0 0 0 0 0 0 0 0 0 0 0 0 0 0 0 0 0 0 0 0 0 0 0 2 15692.0358 
sw061b003 5 0.8844583 0.2780416 0.3009 0.1638084 0.1417083 0 0 0 0 0 0 0 0 0 0 0 0 0 0 0 0 0 0 0 0 0 0 0 0 1 15694.3892 
sw061b003 4 1.0003497 0.3450197 0.3401966 0.3151334 0 0 0 0 0 0 0 0 0 0 0 0 0 0 0 0 0 0 0 0 0 0 0 0 0 2 15694.7248 
sw061b003 5 0.7810942 0.2349876 0.2410211 0.1796493 0.1254362 0 0 0 0 0 0 0 0 0 0 0 0 0 0 0 0 0 0 0 0 0 0 0 0 3 15695.3863 
sw061b003 5 0.9230333 0.2953166 0.2878667 0.170325 0.169525 0 0 0 0 0 0 0 0 0 0 0 0 0 0 0 0 0 0 0 0 0 0 0 0 1 15698.6155 
sw061b003 4 0.9350676 0.3238668 0.3023805 0.3088203 0 0 0 0 0 0 0 0 0 0 0 0 0 0 0 0 0 0 0 0 0 0 0 0 0 2 15698.8462 
sw061b003 5 0.9025667 0.2814667 0.3044667 0.1698166 0.1468167 0 0 0 0 0 0 0 0 0 0 0 0 0 0 0 0 0 0 0 0 0 0 0 0 1 15702.9078 
sw061b003 4 0.9532916 0.3338881 0.310911 0.3084925 0 0 0 0 0 0 0 0 0 0 0 0 0 0 0 0 0 0 0 0 0 0 0 0 0 2 15703.1893 
sw061b003 4 0.9618074 0.3303763 0.3195214 0.3119097 0 0 0 0 0 0 0 0 0 0 0 0 0 0 0 0 0 0 0 0 0 0 0 0 0 2 15707.3186 
sw061b003 4 0.9833516 0.33876 0.3285744 0.3160172 0 0 0 0 0 0 0 0 0 0 0 0 0 0 0 0 0 0 0 0 0 0 0 0 0 2 15712.6669 
sw061b003 5 0.7794616 0.2819275 0.209765 0.1610033 0.1267658 0 0 0 0 0 0 0 0 0 0 0 0 0 0 0 0 0 0 0 0 0 0 0 0 3 15713.3059 
sw061b003 4 0.9685108 0.3268692 0.3271265 0.3145151 0 0 0 0 0 0 0 0 0 0 0 0 0 0 0 0 0 0 0 0 0 0 0 0 0 2 15716.8063 
sw061b003 5 0.4288439 0.1331294 0.1202948 0.0941004 0.0813193 0 0 0 0 0 0 0 0 0 0 0 0 0 0 0 0 0 0 0 0 0 0 0 0 3 15718.2475 
sw061b003 5 0.3909007 0.0958739 0.1031411 0.0997103 0.0921754 0 0 0 0 0 0 0 0 0 0 0 0 0 0 0 0 0 0 0 0 0 0 0 0 3 15721.339 
sw061b003 5 0.8315995 0.2466192 0.2672692 0.1614977 0.1562134 0 0 0 0 0 0 0 0 0 0 0 0 0 0 0 0 0 0 0 0 0 0 0 0 2 15725.6467 
sw061b003 5 1.1214681 0.4011788 0.381839 0.1756083 0.162842 0 0 0 0 0 0 0 0 0 0 0 0 0 0 0 0 0 0 0 0 0 0 0 0 2 15743.4332 
sw061b003 5 0.9207646 0.318099 0.2727637 0.1471982 0.1827037 0 0 0 0 0 0 0 0 0 0 0 0 0 0 0 0 0 0 0 0 0 0 0 0 2 15746.651 
sw061b003 4 0.8056846 0.2911278 0.2968529 0.2177039 0 0 0 0 0 0 0 0 0 0 0 0 0 0 0 0 0 0 0 0 0 0 0 0 0 2 15750.2087 
sw061b003 5 0.8824339 0.2618073 0.3079538 0.1289151 0.1837577 0 0 0 0 0 0 0 0 0 0 0 0 0 0 0 0 0 0 0 0 0 0 0 0 3 15755.9323 
sw061b003 5 0.7710951 0.2149577 0.2613478 0.1644268 0.1303628 0 0 0 0 0 0 0 0 0 0 0 0 0 0 0 0 0 0 0 0 0 0 0 0 3 15759.4735 
sw061b003 5 0.7368003 0.2288519 0.2116223 0.1498487 0.1464774 0 0 0 0 0 0 0 0 0 0 0 0 0 0 0 0 0 0 0 0 0 0 0 0 3 15762.3472 
sw061b003 5 1.1091704 0.3736872 0.3835179 0.2042713 0.147694 0 0 0 0 0 0 0 0 0 0 0 0 0 0 0 0 0 0 0 0 0 0 0 0 2 15780.8741 
sw061b003 5 1.0674559 0.3572587 0.3708651 0.1776919 0.1616402 0 0 0 0 0 0 0 0 0 0 0 0 0 0 0 0 0 0 0 0 0 0 0 0 2 15785.045 
sw061b003 5 0.6961507 0.2292128 0.2092101 0.1434322 0.1142956 0 0 0 0 0 0 0 0 0 0 0 0 0 0 0 0 0 0 0 0 0 0 0 0 3 15786.0213 
sw061b003 4 1.1290581 0.3836943 0.3842922 0.3610716 0 0 0 0 0 0 0 0 0 0 0 0 0 0 0 0 0 0 0 0 0 0 0 0 0 2 15790.2336 
sw061b003 5 0.8343443 0.2664686 0.2729057 0.1530277 0.1419423 0 0 0 0 0 0 0 0 0 0 0 0 0 0 0 0 0 0 0 0 0 0 0 0 3 15790.6702 
sw061b003 5 1.0689328 0.3528938 0.366875 0.1864323 0.1627317 0 0 0 0 0 0 0 0 0 0 0 0 0 0 0 0 0 0 0 0 0 0 0 0 4 15793.3568 
sw061b003 4 1.101073 0.3832611 0.3555931 0.3622188 0 0 0 0 0 0 0 0 0 0 0 0 0 0 0 0 0 0 0 0 0 0 0 0 0 2 15794.5153 
sw061b003 4 0.5096726 0.2286259 0.1535303 0.1275164 0 0 0 0 0 0 0 0 0 0 0 0 0 0 0 0 0 0 0 0 0 0 0 0 0 3 15794.7792 
sw061b003 5 1.1114969 0.361389 0.4018096 0.2054435 0.1428548 0 0 0 0 0 0 0 0 0 0 0 0 0 0 0 0 0 0 0 0 0 0 0 0 4 15797.3381 
sw061b003 4 1.0665186 0.3734224 0.3398146 0.3532816 0 0 0 0 0 0 0 0 0 0 0 0 0 0 0 0 0 0 0 0 0 0 0 0 0 2 15798.3937 
sw061b003 5 0.8573154 0.3719051 0.2059355 0.1440152 0.1354596 0 0 0 0 0 0 0 0 0 0 0 0 0 0 0 0 0 0 0 0 0 0 0 0 3 15801.2747 
sw061b003 4 1.0225528 0.358159 0.3424173 0.3219765 0 0 0 0 0 0 0 0 0 0 0 0 0 0 0 0 0 0 0 0 0 0 0 0 0 2 15801.5608 
sw061b003 4 0.9238565 0.3225883 0.2990707 0.3021975 0 0 0 0 0 0 0 0 0 0 0 0 0 0 0 0 0 0 0 0 0 0 0 0 0 2 15803.9216 
sw061b003 5 1.0086231 0.3799161 0.2997284 0.156764 0.1722146 0 0 0 0 0 0 0 0 0 0 0 0 0 0 0 0 0 0 0 0 0 0 0 0 3 15804.8583 
sw061b003 4 0.8320603 0.292742 0.2479794 0.2913389 0 0 0 0 0 0 0 0 0 0 0 0 0 0 0 0 0 0 0 0 0 0 0 0 0 2 15805.6536 
sw061b003 4 0.2499925 0.0700763 0.0784951 0.1014211 0 0 0 0 0 0 0 0 0 0 0 0 0 0 0 0 0 0 0 0 0 0 0 0 0 4 15805.8565 
sw061b003 4 0.7657319 0.2468024 0.2714906 0.2474389 0 0 0 0 0 0 0 0 0 0 0 0 0 0 0 0 0 0 0 0 0 0 0 0 0 2 15807.1487 
sw061b003 4 0.7037386 0.2204108 0.26502 0.2183078 0 0 0 0 0 0 0 0 0 0 0 0 0 0 0 0 0 0 0 0 0 0 0 0 0 3 15808.789 
sw061b003 5 0.9719763 0.3407157 0.3268219 0.1534933 0.1509454 0 0 0 0 0 0 0 0 0 0 0 0 0 0 0 0 0 0 0 0 0 0 0 0 4 15810.5465 
sw061b003 5 0.7663477 0.2079755 0.2515839 0.1735338 0.1332545 0 0 0 0 0 0 0 0 0 0 0 0 0 0 0 0 0 0 0 0 0 0 0 0 2 15812.7969 
sw061b003 4 0.7565726 0.2460631 0.2653214 0.2451881 0 0 0 0 0 0 0 0 0 0 0 0 0 0 0 0 0 0 0 0 0 0 0 0 0 3 15812.8066 
sw061b003 5 0.9822109 0.365875 0.3056523 0.1604615 0.1502221 0 0 0 0 0 0 0 0 0 0 0 0 0 0 0 0 0 0 0 0 0 0 0 0 3 15814.8967 
sw061b003 4 0.7333132 0.243245 0.2652342 0.224834 0 0 0 0 0 0 0 0 0 0 0 0 0 0 0 0 0 0 0 0 0 0 0 0 0 4 15816.1643 
sw061b003 5 0.7722093 0.2266569 0.2486837 0.1628333 0.1340354 0 0 0 0 0 0 0 0 0 0 0 0 0 0 0 0 0 0 0 0 0 0 0 0 2 15819.0281 
sw061b003 5 0.8359044 0.289142 0.2531409 0.1628299 0.1307916 0 0 0 0 0 0 0 0 0 0 0 0 0 0 0 0 0 0 0 0 0 0 0 0 3 15819.3771 
sw061b003 5 0.7880108 0.2677113 0.2217087 0.163525 0.1350658 0 0 0 0 0 0 0 0 0 0 0 0 0 0 0 0 0 0 0 0 0 0 0 0 2 15822.8888 
sw061b003 5 0.7699393 0.2405273 0.2287879 0.1600698 0.1405543 0 0 0 0 0 0 0 0 0 0 0 0 0 0 0 0 0 0 0 0 0 0 0 0 2 15825.8766 
sw061b003 4 0.236217 0.0721367 0.0811587 0.0829216 0 0 0 0 0 0 0 0 0 0 0 0 0 0 0 0 0 0 0 0 0 0 0 0 0 3 15826.3292 
sw061b003 4 0.9733011 0.3313028 0.3090139 0.3329844 0 0 0 0 0 0 0 0 0 0 0 0 0 0 0 0 0 0 0 0 0 0 0 0 0 4 15826.3459 
sw061b003 5 0.823021 0.2660983 0.2361958 0.1711051 0.1496218 0 0 0 0 0 0 0 0 0 0 0 0 0 0 0 0 0 0 0 0 0 0 0 0 2 15829.7653 
sw061b003 4 1.0130381 0.3453539 0.3318264 0.3358578 0 0 0 0 0 0 0 0 0 0 0 0 0 0 0 0 0 0 0 0 0 0 0 0 0 3 15832.8574 
sw061b003 5 0.8273051 0.2862407 0.2471661 0.1648696 0.1290287 0 0 0 0 0 0 0 0 0 0 0 0 0 0 0 0 0 0 0 0 0 0 0 0 2 15833.4985 
sw061b003 4 1.0742521 0.3705645 0.3470879 0.3565997 0 0 0 0 0 0 0 0 0 0 0 0 0 0 0 0 0 0 0 0 0 0 0 0 0 2 15836.5597 
sw061b003 5 1.0872432 0.3818812 0.3855123 0.148673 0.1711767 0 0 0 0 0 0 0 0 0 0 0 0 0 0 0 0 0 0 0 0 0 0 0 0 3 15837.1514 
sw061b003 4 1.1384136 0.3910284 0.3697146 0.3776706 0 0 0 0 0 0 0 0 0 0 0 0 0 0 0 0 0 0 0 0 0 0 0 0 0 2 15840.4313 
sw061b003 5 1.1546952 0.4155344 0.3975361 0.1680379 0.1735868 0 0 0 0 0 0 0 0 0 0 0 0 0 0 0 0 0 0 0 0 0 0 0 0 3 15841.8318 
sw061b003 4 1.1580024 0.3989512 0.3795424 0.3795088 0 0 0 0 0 0 0 0 0 0 0 0 0 0 0 0 0 0 0 0 0 0 0 0 0 2 15844.5497 
sw061b003 5 1.1560496 0.4121012 0.393906 0.1797437 0.1702987 0 0 0 0 0 0 0 0 0 0 0 0 0 0 0 0 0 0 0 0 0 0 0 0 3 15846.2759 
sw061b003 5 1.177566 0.4280724 0.4015231 0.1774472 0.1705233 0 0 0 0 0 0 0 0 0 0 0 0 0 0 0 0 0 0 0 0 0 0 0 0 2 15850.6261 
sw061b003 5 1.0831804 0.4079313 0.3630477 0.1679624 0.144239 0 0 0 0 0 0 0 0 0 0 0 0 0 0 0 0 0 0 0 0 0 0 0 0 3 15852.3143 
sw061b003 5 1.0838883 0.3632701 0.3457344 0.2062419 0.1686419 0 0 0 0 0 0 0 0 0 0 0 0 0 0 0 0 0 0 0 0 0 0 0 0 2 15854.2687 
sw061b003 5 1.0699353 0.3817512 0.3372359 0.1780995 0.1728487 0 0 0 0 0 0 0 0 0 0 0 0 0 0 0 0 0 0 0 0 0 0 0 0 3 15855.6085 
sw061b003 5 0.7719489 0.2629413 0.2590017 0.1248616 0.1251443 0 0 0 0 0 0 0 0 0 0 0 0 0 0 0 0 0 0 0 0 0 0 0 0 2 15858.3197 
sw061b003 4 1.369019 0.4800669 0.4636534 0.4252987 0 0 0 0 0 0 0 0 0 0 0 0 0 0 0 0 0 0 0 0 0 0 0 0 0 3 15861.9268 
sw061b003 5 0.7940216 0.2762435 0.229912 0.1489083 0.1389578 0 0 0 0 0 0 0 0 0 0 0 0 0 0 0 0 0 0 0 0 0 0 0 0 2 15864.3593 
sw061b003 5 0.7576969 0.224924 0.2435534 0.1525658 0.1366537 0 0 0 0 0 0 0 0 0 0 0 0 0 0 0 0 0 0 0 0 0 0 0 0 2 15867.3528 
sw061b003 5 0.7507937 0.2405605 0.2139819 0.1663204 0.1299309 0 0 0 0 0 0 0 0 0 0 0 0 0 0 0 0 0 0 0 0 0 0 0 0 2 15870.7046 
sw061b003 4 1.3277226 0.4639165 0.433526 0.4302801 0 0 0 0 0 0 0 0 0 0 0 0 0 0 0 0 0 0 0 0 0 0 0 0 0 3 15870.9245 
sw061b003 5 0.8269103 0.2499564 0.2460256 0.1748146 0.1561137 0 0 0 0 0 0 0 0 0 0 0 0 0 0 0 0 0 0 0 0 0 0 0 0 2 15873.7138 
sw061b003 4 1.3219157 0.4534153 0.4466151 0.4218853 0 0 0 0 0 0 0 0 0 0 0 0 0 0 0 0 0 0 0 0 0 0 0 0 0 3 15875.3585 
sw061b003 4 1.32297 0.461898 0.4348712 0.4262008 0 0 0 0 0 0 0 0 0 0 0 0 0 0 0 0 0 0 0 0 0 0 0 0 0 3 15880.3528 
sw061b003 5 1.0192204 0.3817304 0.3292535 0.1735572 0.1346793 0 0 0 0 0 0 0 0 0 0 0 0 0 0 0 0 0 0 0 0 0 0 0 0 3 15893.9819 
sw061b003 5 0.969225 0.3803666 0.2959667 0.1542583 0.1386334 0 0 0 0 0 0 0 0 0 0 0 0 0 0 0 0 0 0 0 0 0 0 0 0 2 15917.9997 
sw061b003 6 0.8658083 0.2581666 0.1978334 0.13255 0.12905 0.1482083 0 0 0 0 0 0 0 0 0 0 0 0 0 0 0 0 0 0 0 0 0 0 0 2 15921.2139 
sw061b003 4 0.7539546 0.3115773 0.2773187 0.1650586 0 0 0 0 0 0 0 0 0 0 0 0 0 0 0 0 0 0 0 0 0 0 0 0 0 2 15925.1891 
sw061b003 5 0.7383112 0.2192769 0.2354337 0.154447 0.1291536 0 0 0 0 0 0 0 0 0 0 0 0 0 0 0 0 0 0 0 0 0 0 0 0 2 15928.796 
sw061b003 5 0.7910834 0.24925 0.23395 0.1588667 0.1490167 0 0 0 0 0 0 0 0 0 0 0 0 0 0 0 0 0 0 0 0 0 0 0 0 2 15932.5483 
sw061b003 5 0.7659416 0.2602166 0.2482667 0.1337 0.1237583 0 0 0 0 0 0 0 0 0 0 0 0 0 0 0 0 0 0 0 0 0 0 0 0 2 15936.3221 
sw061b003 5 0.83445 0.2668333 0.27895 0.16135 0.1273167 0 0 0 0 0 0 0 0 0 0 0 0 0 0 0 0 0 0 0 0 0 0 0 0 2 15939.8682 
sw061b003 5 0.8662084 0.27505 0.2500834 0.175525 0.16555 0 0 0 0 0 0 0 0 0 0 0 0 0 0 0 0 0 0 0 0 0 0 0 0 2 15942.9023 
sw061b003 5 0.834425 0.304225 0.2522083 0.1482084 0.1297833 0 0 0 0 0 0 0 0 0 0 0 0 0 0 0 0 0 0 0 0 0 0 0 0 2 15945.0451 
sw061b003 5 0.7515738 0.2399361 0.2387622 0.1615242 0.1113513 0 0 0 0 0 0 0 0 0 0 0 0 0 0 0 0 0 0 0 0 0 0 0 0 2 15950.2212 
sw061b003 5 1.1183506 0.3791864 0.4069769 0.1721287 0.1600586 0 0 0 0 0 0 0 0 0 0 0 0 0 0 0 0 0 0 0 0 0 0 0 0 1 15950.8165 
sw061b003 5 0.8151432 0.2567775 0.2415282 0.1772352 0.1396023 0 0 0 0 0 0 0 0 0 0 0 0 0 0 0 0 0 0 0 0 0 0 0 0 2 15954.1389 
sw061b003 5 0.9721834 0.3473661 0.3493805 0.1547902 0.1206466 0 0 0 0 0 0 0 0 0 0 0 0 0 0 0 0 0 0 0 0 0 0 0 0 1 15954.7155 
sw061b003 5 1.0742847 0.3783944 0.3868237 0.158904 0.1501626 0 0 0 0 0 0 0 0 0 0 0 0 0 0 0 0 0 0 0 0 0 0 0 0 1 15959.2703 
sw061b003 11 0.4888083 0.0432666 0.060825 0.0723834 0.059025 0.0507166 0.0425917 0.040525 0.039075 0.037925 0.042475 0 0 0 0 0 0 0 0 0 0 0 0 0 0 0 0 0 0 2 15979.1144 
sw061b003 5 0.372175 0.102575 0.0956667 0.086975 0.0869583 0 0 0 0 0 0 0 0 0 0 0 0 0 0 0 0 0 0 0 0 0 0 0 0 2 15982.5242 
sw061b003 5 0.345575 0.0973417 0.0860083 0.066225 0.096 0 0 0 0 0 0 0 0 0 0 0 0 0 0 0 0 0 0 0 0 0 0 0 0 2 15986.2346 
sw061b003 5 0.4777167 0.14255 0.1227833 0.1060417 0.1063417 0 0 0 0 0 0 0 0 0 0 0 0 0 0 0 0 0 0 0 0 0 0 0 0 2 15988.846 
sw061b003 4 0.3402833 0.1214084 0.1122749 0.1066 0 0 0 0 0 0 0 0 0 0 0 0 0 0 0 0 0 0 0 0 0 0 0 0 0 2 15990.9414 
sw061b003 5 0.7622167 0.2474583 0.2284917 0.1482917 0.137975 0 0 0 0 0 0 0 0 0 0 0 0 0 0 0 0 0 0 0 0 0 0 0 0 2 15994.536 
sw061b003 5 0.8260083 0.2757583 0.2432583 0.1508584 0.1561333 0 0 0 0 0 0 0 0 0 0 0 0 0 0 0 0 0 0 0 0 0 0 0 0 2 15998.3594 
sw061b003 5 0.8003667 0.2720584 0.2278666 0.1711584 0.1292833 0 0 0 0 0 0 0 0 0 0 0 0 0 0 0 0 0 0 0 0 0 0 0 0 2 16001.7455 
sw061b003 5 1.2171687 0.4361174 0.4353674 0.1716753 0.1740086 0 0 0 0 0 0 0 0 0 0 0 0 0 0 0 0 0 0 0 0 0 0 0 0 3 16004.8041 
sw061b003 5 0.8359097 0.2830255 0.2514921 0.1585419 0.1428502 0 0 0 0 0 0 0 0 0 0 0 0 0 0 0 0 0 0 0 0 0 0 0 0 2 16005.1167 
sw061b003 5 1.2449084 0.442925 0.4259334 0.1867583 0.1892917 0 0 0 0 0 0 0 0 0 0 0 0 0 0 0 0 0 0 0 0 0 0 0 0 2 16008.9748 
sw061b003 5 1.2647078 0.4456935 0.4305213 0.205883 0.18261 0 0 0 0 0 0 0 0 0 0 0 0 0 0 0 0 0 0 0 0 0 0 0 0 2 16013.4859 
sw061b003 5 1.1056463 0.4137297 0.363802 0.1627832 0.1653314 0 0 0 0 0 0 0 0 0 0 0 0 0 0 0 0 0 0 0 0 0 0 0 0 3 16013.8314 
sw061b003 5 1.2613812 0.4556516 0.4278074 0.1905577 0.1873645 0 0 0 0 0 0 0 0 0 0 0 0 0 0 0 0 0 0 0 0 0 0 0 0 2 16018.0509 
sw061b003 5 0.97666 0.3400006 0.3278022 0.1620553 0.1468019 0 0 0 0 0 0 0 0 0 0 0 0 0 0 0 0 0 0 0 0 0 0 0 0 3 16018.7849 
sw061b003 5 1.1262917 0.4492417 0.3127916 0.18245 0.1818084 0 0 0 0 0 0 0 0 0 0 0 0 0 0 0 0 0 0 0 0 0 0 0 0 2 16033.5974 
sw061b003 5 1.1646666 0.4280333 0.3660417 0.194075 0.1765166 0 0 0 0 0 0 0 0 0 0 0 0 0 0 0 0 0 0 0 0 0 0 0 0 2 16041.4264 
sw061b003 5 1.235475 0.437325 0.426575 0.1829083 0.1886667 0 0 0 0 0 0 0 0 0 0 0 0 0 0 0 0 0 0 0 0 0 0 0 0 1 16059.1802 
sw061b003 5 1.1704544 0.4105451 0.4056487 0.183947 0.1703136 0 0 0 0 0 0 0 0 0 0 0 0 0 0 0 0 0 0 0 0 0 0 0 0 2 16060.8824 
sw061b003 5 1.0572295 0.3976125 0.3170403 0.1805684 0.1620083 0 0 0 0 0 0 0 0 0 0 0 0 0 0 0 0 0 0 0 0 0 0 0 0 2 16063.5542 
sw061b003 5 1.1523917 0.4115167 0.4072333 0.1711001 0.1625416 0 0 0 0 0 0 0 0 0 0 0 0 0 0 0 0 0 0 0 0 0 0 0 0 1 16065.4513 
sw061b003 5 1.1503583 0.4169749 0.3926667 0.1751333 0.1655834 0 0 0 0 0 0 0 0 0 0 0 0 0 0 0 0 0 0 0 0 0 0 0 0 1 16069.8979 
sw061b003 5 1.1101 0.4002334 0.38655 0.161475 0.1618416 0 0 0 0 0 0 0 0 0 0 0 0 0 0 0 0 0 0 0 0 0 0 0 0 1 16074.2693 
sw061b003 5 1.1823918 0.4581699 0.4049532 0.1582773 0.1609914 0 0 0 0 0 0 0 0 0 0 0 0 0 0 0 0 0 0 0 0 0 0 0 0 2 16074.4398 
sw061b003 5 1.1560553 0.4379447 0.4094324 0.1410827 0.1675955 0 0 0 0 0 0 0 0 0 0 0 0 0 0 0 0 0 0 0 0 0 0 0 0 2 16078.9933 
sw061b003 5 1.094825 0.407725 0.37995 0.1489583 0.1581917 0 0 0 0 0 0 0 0 0 0 0 0 0 0 0 0 0 0 0 0 0 0 0 0 1 16079.1481 
sw061b003 5 1.0957333 0.4051167 0.3974916 0.1330917 0.1600333 0 0 0 0 0 0 0 0 0 0 0 0 0 0 0 0 0 0 0 0 0 0 0 0 1 16083.4121 
sw061b003 5 1.086072 0.4260085 0.3773331 0.1401754 0.142555 0 0 0 0 0 0 0 0 0 0 0 0 0 0 0 0 0 0 0 0 0 0 0 0 2 16083.6038 
sw061b003 5 1.0998926 0.4218345 0.376375 0.150306 0.1513771 0 0 0 0 0 0 0 0 0 0 0 0 0 0 0 0 0 0 0 0 0 0 0 0 2 16088.0483 
sw061b003 5 1.11915 0.4169416 0.3701334 0.158475 0.1736 0 0 0 0 0 0 0 0 0 0 0 0 0 0 0 0 0 0 0 0 0 0 0 0 1 16088.1317 
sw061b003 5 1.0698667 0.4143334 0.3863666 0.1270667 0.1421 0 0 0 0 0 0 0 0 0 0 0 0 0 0 0 0 0 0 0 0 0 0 0 0 1 16092.4456 
sw061b003 5 1.065875 0.4076941 0.366973 0.143823 0.1473849 0 0 0 0 0 0 0 0 0 0 0 0 0 0 0 0 0 0 0 0 0 0 0 0 2 16092.7311 
sw061b003 6 1.2037167 0.4266 0.35965 0.1071917 0.1112666 0.1990084 0 0 0 0 0 0 0 0 0 0 0 0 0 0 0 0 0 0 0 0 0 0 0 1 16096.9531 
sw061b003 5 1.0257786 0.3954565 0.3560717 0.1298547 0.1443957 0 0 0 0 0 0 0 0 0 0 0 0 0 0 0 0 0 0 0 0 0 0 0 0 2 16097.095 
sw061b003 5 1.0529833 0.4013583 0.36105 0.1395917 0.1509833 0 0 0 0 0 0 0 0 0 0 0 0 0 0 0 0 0 0 0 0 0 0 0 0 1 16101.2465 
sw061b003 5 1.1016183 0.4426272 0.3651632 0.1573027 0.1365252 0 0 0 0 0 0 0 0 0 0 0 0 0 0 0 0 0 0 0 0 0 0 0 0 2 16101.5884 
sw061b003 5 1.0359 0.435525 0.3680083 0.100925 0.1314417 0 0 0 0 0 0 0 0 0 0 0 0 0 0 0 0 0 0 0 0 0 0 0 0 1 16105.5532 
sw061b003 5 1.0212042 0.3781844 0.363883 0.143798 0.1353388 0 0 0 0 0 0 0 0 0 0 0 0 0 0 0 0 0 0 0 0 0 0 0 0 2 16106.1014 
sw061b003 5 1.0386333 0.4173083 0.3721083 0.1124084 0.1368083 0 0 0 0 0 0 0 0 0 0 0 0 0 0 0 0 0 0 0 0 0 0 0 0 1 16110.2532 
sw061b003 5 0.9837467 0.3898163 0.3319481 0.1271356 0.1348467 0 0 0 0 0 0 0 0 0 0 0 0 0 0 0 0 0 0 0 0 0 0 0 0 2 16110.545 
sw061b003 5 1.084925 0.4302084 0.3987 0.1141835 0.1418331 0 0 0 0 0 0 0 0 0 0 0 0 0 0 0 0 0 0 0 0 0 0 0 0 1 16114.8219 
sw061b003 5 1.011152 0.3858992 0.3460446 0.1347682 0.14444 0 0 0 0 0 0 0 0 0 0 0 0 0 0 0 0 0 0 0 0 0 0 0 0 2 16115.0045 
sw061b003 5 1.0919565 0.392947 0.3521173 0.1870421 0.1598501 0 0 0 0 0 0 0 0 0 0 0 0 0 0 0 0 0 0 0 0 0 0 0 0 2 16126.3049 
sw061b003 4 0.4167417 0.0513334 0.1266833 0.238725 0 0 0 0 0 0 0 0 0 0 0 0 0 0 0 0 0 0 0 0 0 0 0 0 0 1 16127.5154 
sw061b003 4 1.1113083 0.4683 0.454825 0.1881833 0 0 0 0 0 0 0 0 0 0 0 0 0 0 0 0 0 0 0 0 0 0 0 0 0 1 16136.5188 
sw061b003 5 1.1811332 0.4402571 0.401824 0.1683011 0.170751 0 0 0 0 0 0 0 0 0 0 0 0 0 0 0 0 0 0 0 0 0 0 0 0 2 16138.5233 
sw061b003 5 1.279525 0.4203583 0.491475 0.1765084 0.1911833 0 0 0 0 0 0 0 0 0 0 0 0 0 0 0 0 0 0 0 0 0 0 0 0 2 16151.1417 
sw061b003 5 1.0209534 0.3882701 0.337825 0.1571 0.1377583 0 0 0 0 0 0 0 0 0 0 0 0 0 0 0 0 0 0 0 0 0 0 0 0 2 16155.7368 
sw061b003 5 1.3295071 0.4790753 0.4678795 0.1833709 0.1991814 0 0 0 0 0 0 0 0 0 0 0 0 0 0 0 0 0 0 0 0 0 0 0 0 3 16156.9205 
sw061b003 5 1.05305 0.1958084 0.519475 0.19585 0.1419166 0 0 0 0 0 0 0 0 0 0 0 0 0 0 0 0 0 0 0 0 0 0 0 0 1 16157.5075 
sw061b003 5 0.9916902 0.3803609 0.3037987 0.1381945 0.1693361 0 0 0 0 0 0 0 0 0 0 0 0 0 0 0 0 0 0 0 0 0 0 0 0 2 16159.398 
sw061b003 5 1.2640235 0.4737471 0.4218545 0.1754158 0.1930061 0 0 0 0 0 0 0 0 0 0 0 0 0 0 0 0 0 0 0 0 0 0 0 0 3 16160.904 
sw061b003 5 1.101425 0.394125 0.3818417 0.1543167 0.1711416 0 0 0 0 0 0 0 0 0 0 0 0 0 0 0 0 0 0 0 0 0 0 0 0 1 16161.9751 
sw061b003 5 0.8980555 0.2904363 0.2860186 0.1591055 0.1624951 0 0 0 0 0 0 0 0 0 0 0 0 0 0 0 0 0 0 0 0 0 0 0 0 4 16162.3692 
sw061b003 5 0.9848812 0.3284677 0.3139404 0.1594131 0.18306 0 0 0 0 0 0 0 0 0 0 0 0 0 0 0 0 0 0 0 0 0 0 0 0 2 16165.599 
sw061b003 5 1.0922833 0.407125 0.37495 0.1550917 0.1551166 0 0 0 0 0 0 0 0 0 0 0 0 0 0 0 0 0 0 0 0 0 0 0 0 1 16165.7382 
sw061b003 5 1.1359794 0.4127546 0.4182179 0.1482386 0.1567683 0 0 0 0 0 0 0 0 0 0 0 0 0 0 0 0 0 0 0 0 0 0 0 0 3 16165.9274 
sw061b003 5 0.9368239 0.3119635 0.3042434 0.1596295 0.1609875 0 0 0 0 0 0 0 0 0 0 0 0 0 0 0 0 0 0 0 0 0 0 0 0 2 16169.4754 
sw061b003 5 1.0940255 0.4338816 0.3755901 0.1421629 0.1423909 0 0 0 0 0 0 0 0 0 0 0 0 0 0 0 0 0 0 0 0 0 0 0 0 3 16169.6207 
sw061b003 5 1.179475 0.4259833 0.4106417 0.1583 0.18455 0 0 0 0 0 0 0 0 0 0 0 0 0 0 0 0 0 0 0 0 0 0 0 0 1 16171.5695 
sw061b003 5 0.9261505 0.3428478 0.3209809 0.1292356 0.1330862 0 0 0 0 0 0 0 0 0 0 0 0 0 0 0 0 0 0 0 0 0 0 0 0 3 16172.4061 
sw061b003 5 0.9364153 0.3204496 0.320658 0.1554095 0.1398982 0 0 0 0 0 0 0 0 0 0 0 0 0 0 0 0 0 0 0 0 0 0 0 0 2 16172.6665 
sw061b003 5 0.9431956 0.2749055 0.2669191 0.1894144 0.2119566 0 0 0 0 0 0 0 0 0 0 0 0 0 0 0 0 0 0 0 0 0 0 0 0 2 16175.5881 
sw061b003 5 0.8981394 0.282243 0.3124137 0.1487028 0.1547799 0 0 0 0 0 0 0 0 0 0 0 0 0 0 0 0 0 0 0 0 0 0 0 0 2 16178.8804 
sw061b003 5 0.8746667 0.2927834 0.2671166 0.1644167 0.15035 0 0 0 0 0 0 0 0 0 0 0 0 0 0 0 0 0 0 0 0 0 0 0 0 2 16188.5845 
sw061b003 5 0.9584166 0.3289333 0.2983667 0.1528833 0.1782333 0 0 0 0 0 0 0 0 0 0 0 0 0 0 0 0 0 0 0 0 0 0 0 0 2 16193.0505 
sw061b003 7 1.1026161 0.3916854 0.2544427 0.1057685 0.1119874 0.1025701 0.136162 0 0 0 0 0 0 0 0 0 0 0 0 0 0 0 0 0 0 0 0 0 0 2 16201.3445 
sw061b003 5 1.1533666 0.4029 0.366775 0.1667833 0.2169083 0 0 0 0 0 0 0 0 0 0 0 0 0 0 0 0 0 0 0 0 0 0 0 0 2 16218.7977 
sw061b003 7 1.2328333 0.4105417 0.2716333 0.1097 0.0934917 0.1008333 0.2466333 0 0 0 0 0 0 0 0 0 0 0 0 0 0 0 0 0 0 0 0 0 0 2 16222.9574 
sw061b003 5 0.8339 0.2689583 0.2631333 0.1591334 0.142675 0 0 0 0 0 0 0 0 0 0 0 0 0 0 0 0 0 0 0 0 0 0 0 0 2 16227.1024 
sw061b003 5 0.7487333 0.2596416 0.21485 0.141325 0.1329167 0 0 0 0 0 0 0 0 0 0 0 0 0 0 0 0 0 0 0 0 0 0 0 0 2 16229.9882 
sw061b003 7 1.0580667 0.358925 0.25605 0.1188 0.095275 0.1010083 0.1280084 0 0 0 0 0 0 0 0 0 0 0 0 0 0 0 0 0 0 0 0 0 0 2 16269.4461 
sw061b003 6 0.93635 0.3365417 0.2479167 0.1270416 0.11055 0.1143 0 0 0 0 0 0 0 0 0 0 0 0 0 0 0 0 0 0 0 0 0 0 0 2 16273.1496 
sw061b003 5 0.9850867 0.3452651 0.3405199 0.1529686 0.1463331 0 0 0 0 0 0 0 0 0 0 0 0 0 0 0 0 0 0 0 0 0 0 0 0 2 16285.1147 
sw061b003 5 0.917475 0.3675167 0.2368 0.1891917 0.1239666 0 0 0 0 0 0 0 0 0 0 0 0 0 0 0 0 0 0 0 0 0 0 0 0 2 16289.1475 
sw061b003 5 0.8604444 0.3090256 0.2460714 0.1719727 0.1333747 0 0 0 0 0 0 0 0 0 0 0 0 0 0 0 0 0 0 0 0 0 0 0 0 2 16295.9715 
sw061b003 5 0.8256869 0.255425 0.2731025 0.1622117 0.1349477 0 0 0 0 0 0 0 0 0 0 0 0 0 0 0 0 0 0 0 0 0 0 0 0 2 16701.076 
sw061b003 5 0.8129524 0.2470848 0.2565665 0.1821401 0.127161 0 0 0 0 0 0 0 0 0 0 0 0 0 0 0 0 0 0 0 0 0 0 0 0 2 16704.0263 
sw061b003 5 0.828325 0.246425 0.2801083 0.1761584 0.1256333 0 0 0 0 0 0 0 0 0 0 0 0 0 0 0 0 0 0 0 0 0 0 0 0 1 16704.0778 
sw061b003 5 0.8077313 0.2588188 0.247598 0.1675249 0.1337896 0 0 0 0 0 0 0 0 0 0 0 0 0 0 0 0 0 0 0 0 0 0 0 0 2 16707.3569 
sw061b003 5 0.81205 0.2694166 0.2680334 0.1515833 0.1230167 0 0 0 0 0 0 0 0 0 0 0 0 0 0 0 0 0 0 0 0 0 0 0 0 1 16707.4403 
sw061b003 5 0.7781667 0.2195167 0.2651916 0.17245 0.1210084 0 0 0 0 0 0 0 0 0 0 0 0 0 0 0 0 0 0 0 0 0 0 0 0 2 16710.5044 
sw061b003 5 0.8317167 0.2569916 0.2635834 0.1737667 0.137375 0 0 0 0 0 0 0 0 0 0 0 0 0 0 0 0 0 0 0 0 0 0 0 0 1 16710.5417 
sw061b003 5 0.8067667 0.250675 0.2726583 0.1471417 0.1362917 0 0 0 0 0 0 0 0 0 0 0 0 0 0 0 0 0 0 0 0 0 0 0 0 1 16713.532 
sw061b003 5 0.8009917 0.2407025 0.2630642 0.1792818 0.1179403 0 0 0 0 0 0 0 0 0 0 0 0 0 0 0 0 0 0 0 0 0 0 0 0 2 16713.6688 
sw061b003 5 0.814625 0.259575 0.2559916 0.16345 0.1356084 0 0 0 0 0 0 0 0 0 0 0 0 0 0 0 0 0 0 0 0 0 0 0 0 1 16716.7479 
sw061b003 5 0.7887806 0.2346917 0.2687519 0.1665355 0.1188004 0 0 0 0 0 0 0 0 0 0 0 0 0 0 0 0 0 0 0 0 0 0 0 0 2 16716.8391 
sw061b003 5 0.7907833 0.2538084 0.2410666 0.15525 0.1406583 0 0 0 0 0 0 0 0 0 0 0 0 0 0 0 0 0 0 0 0 0 0 0 0 2 16719.7198 
sw061b003 5 0.8154333 0.265875 0.2534 0.1639917 0.1321666 0 0 0 0 0 0 0 0 0 0 0 0 0 0 0 0 0 0 0 0 0 0 0 0 1 16719.7783 
sw061b003 5 0.8327917 0.2730917 0.2577083 0.1612834 0.1407083 0 0 0 0 0 0 0 0 0 0 0 0 0 0 0 0 0 0 0 0 0 0 0 0 1 16722.9689 
sw061b003 5 0.528326 0.1379728 0.1431628 0.1265777 0.1206127 0 0 0 0 0 0 0 0 0 0 0 0 0 0 0 0 0 0 0 0 0 0 0 0 2 16723.4427 
sw061b003 5 1.2983791 0.4616505 0.4457878 0.1958478 0.195093 0 0 0 0 0 0 0 0 0 0 0 0 0 0 0 0 0 0 0 0 0 0 0 0 2 16732.3864 
sw061b003 5 1.0134416 0.3329083 0.3430189 0.1917264 0.145788 0 0 0 0 0 0 0 0 0 0 0 0 0 0 0 0 0 0 0 0 0 0 0 0 1 16732.7948 
sw061b003 5 1.228251 0.443566 0.4217512 0.1921884 0.1707454 0 0 0 0 0 0 0 0 0 0 0 0 0 0 0 0 0 0 0 0 0 0 0 0 2 16737.1792 
sw061b003 5 0.991525 0.3399 0.3372377 0.168954 0.1454333 0 0 0 0 0 0 0 0 0 0 0 0 0 0 0 0 0 0 0 0 0 0 0 0 1 16737.7871 
sw061b003 5 1.2449104 0.4406653 0.4219485 0.2036314 0.1786652 0 0 0 0 0 0 0 0 0 0 0 0 0 0 0 0 0 0 0 0 0 0 0 0 2 16741.2167 
sw061b003 5 1.01 0.343425 0.3437667 0.1609333 0.161875 0 0 0 0 0 0 0 0 0 0 0 0 0 0 0 0 0 0 0 0 0 0 0 0 1 16741.6921 
sw061b003 5 1.2685211 0.4375674 0.4266919 0.2149825 0.1892793 0 0 0 0 0 0 0 0 0 0 0 0 0 0 0 0 0 0 0 0 0 0 0 0 2 16745.512 
sw061b003 5 1.0208584 0.3519719 0.3678505 0.1446276 0.1564084 0 0 0 0 0 0 0 0 0 0 0 0 0 0 0 0 0 0 0 0 0 0 0 0 1 16746.0403 
sw061b003 5 1.2267787 0.4379622 0.3818663 0.2297276 0.1772226 0 0 0 0 0 0 0 0 0 0 0 0 0 0 0 0 0 0 0 0 0 0 0 0 2 16749.7746 
sw061b003 5 1.0607417 0.393125 0.3684583 0.1497917 0.1493667 0 0 0 0 0 0 0 0 0 0 0 0 0 0 0 0 0 0 0 0 0 0 0 0 1 16749.8706 
sw061b003 5 1.1820328 0.3983811 0.3997047 0.183865 0.200082 0 0 0 0 0 0 0 0 0 0 0 0 0 0 0 0 0 0 0 0 0 0 0 0 2 16753.8159 
sw061b003 5 1.1085834 0.4200501 0.3677249 0.1647167 0.1560917 0 0 0 0 0 0 0 0 0 0 0 0 0 0 0 0 0 0 0 0 0 0 0 0 1 16754.3778 
sw061b003 5 1.1803163 0.4022549 0.3999807 0.2003241 0.1777566 0 0 0 0 0 0 0 0 0 0 0 0 0 0 0 0 0 0 0 0 0 0 0 0 2 16757.6731 
sw061b003 5 1.10305 0.40475 0.374825 0.1584583 0.1650167 0 0 0 0 0 0 0 0 0 0 0 0 0 0 0 0 0 0 0 0 0 0 0 0 1 16758.4018 
sw061b003 5 1.2312114 0.4325333 0.4137346 0.2001064 0.1848371 0 0 0 0 0 0 0 0 0 0 0 0 0 0 0 0 0 0 0 0 0 0 0 0 2 16761.7842 
sw061b003 5 1.08995 0.4018166 0.3679334 0.1691166 0.1510834 0 0 0 0 0 0 0 0 0 0 0 0 0 0 0 0 0 0 0 0 0 0 0 0 1 16762.3386 
sw061b003 5 1.2631496 0.4527712 0.4188791 0.2092978 0.1822015 0 0 0 0 0 0 0 0 0 0 0 0 0 0 0 0 0 0 0 0 0 0 0 0 2 16765.5788 
sw061b003 5 1.0892424 0.40815 0.3740083 0.1647568 0.1423273 0 0 0 0 0 0 0 0 0 0 0 0 0 0 0 0 0 0 0 0 0 0 0 0 1 16766.524 
sw061b003 5 1.2790844 0.4583403 0.4244648 0.2003642 0.1959151 0 0 0 0 0 0 0 0 0 0 0 0 0 0 0 0 0 0 0 0 0 0 0 0 2 16770.0191 
sw061b003 5 1.0690917 0.404275 0.381075 0.1425417 0.1412 0 0 0 0 0 0 0 0 0 0 0 0 0 0 0 0 0 0 0 0 0 0 0 0 1 16770.7218 
sw061b003 5 1.2864954 0.451859 0.4291545 0.2114 0.1940819 0 0 0 0 0 0 0 0 0 0 0 0 0 0 0 0 0 0 0 0 0 0 0 0 2 16774.1559 
sw061b003 5 1.1135 0.4276083 0.39875 0.1509 0.1362417 0 0 0 0 0 0 0 0 0 0 0 0 0 0 0 0 0 0 0 0 0 0 0 0 1 16774.8566 
sw061b003 5 1.3023952 0.4467446 0.4549338 0.2102609 0.1904559 0 0 0 0 0 0 0 0 0 0 0 0 0 0 0 0 0 0 0 0 0 0 0 0 2 16778.0326 
sw061b003 5 1.1547333 0.4490083 0.405925 0.1489417 0.1508583 0 0 0 0 0 0 0 0 0 0 0 0 0 0 0 0 0 0 0 0 0 0 0 0 1 16778.841 
sw061b003 5 1.2722516 0.4653508 0.4398052 0.1788822 0.1882134 0 0 0 0 0 0 0 0 0 0 0 0 0 0 0 0 0 0 0 0 0 0 0 0 2 16782.1094 
sw061b003 5 1.1308667 0.417275 0.4097583 0.1531834 0.15065 0 0 0 0 0 0 0 0 0 0 0 0 0 0 0 0 0 0 0 0 0 0 0 0 1 16782.6361 
sw061b003 5 1.2862331 0.4711676 0.4346204 0.1831349 0.1973102 0 0 0 0 0 0 0 0 0 0 0 0 0 0 0 0 0 0 0 0 0 0 0 0 2 16785.8775 
sw061b003 5 1.1203333 0.4469417 0.3974833 0.1363833 0.139525 0 0 0 0 0 0 0 0 0 0 0 0 0 0 0 0 0 0 0 0 0 0 0 0 1 16786.6811 
sw061b003 5 1.1508834 0.4309667 0.4114583 0.1460334 0.162425 0 0 0 0 0 0 0 0 0 0 0 0 0 0 0 0 0 0 0 0 0 0 0 0 1 16790.826 
sw061b003 5 1.3439091 0.4656404 0.46432 0.1931524 0.2207963 0 0 0 0 0 0 0 0 0 0 0 0 0 0 0 0 0 0 0 0 0 0 0 0 2 16794.4354 
sw061b003 5 1.1566 0.4360397 0.392977 0.166275 0.1613083 0 0 0 0 0 0 0 0 0 0 0 0 0 0 0 0 0 0 0 0 0 0 0 0 1 16795.1225 
sw061b003 5 1.3483417 0.47395 0.44525 0.210275 0.2188667 0 0 0 0 0 0 0 0 0 0 0 0 0 0 0 0 0 0 0 0 0 0 0 0 2 16798.6738 
sw061b003 5 1.31115 0.4733333 0.4349 0.2008167 0.2021 0 0 0 0 0 0 0 0 0 0 0 0 0 0 0 0 0 0 0 0 0 0 0 0 2 16802.6791 
sw061b003 5 1.2857167 0.4418 0.436675 0.2248334 0.1824083 0 0 0 0 0 0 0 0 0 0 0 0 0 0 0 0 0 0 0 0 0 0 0 0 2 16806.9314 
sw061b003 5 1.2851333 0.444625 0.430725 0.2095917 0.2001916 0 0 0 0 0 0 0 0 0 0 0 0 0 0 0 0 0 0 0 0 0 0 0 0 2 16811.1824 
sw061b003 5 1.2905452 0.4547698 0.429773 0.2263645 0.1796379 0 0 0 0 0 0 0 0 0 0 0 0 0 0 0 0 0 0 0 0 0 0 0 0 2 16815.3447 
sw061b003 6 1.336725 0.44265 0.4111416 0.1428417 0.1364333 0.2036584 0 0 0 0 0 0 0 0 0 0 0 0 0 0 0 0 0 0 0 0 0 0 0 1 16816.2662 
sw061b003 5 0.4701288 0.1296439 0.1073773 0.1040111 0.1290965 0 0 0 0 0 0 0 0 0 0 0 0 0 0 0 0 0 0 0 0 0 0 0 0 3 16818.8159 
sw061b003 5 1.2380666 0.4320916 0.4145167 0.2094917 0.1819666 0 0 0 0 0 0 0 0 0 0 0 0 0 0 0 0 0 0 0 0 0 0 0 0 2 16819.5231 
sw061b003 5 1.2964729 0.4680799 0.4098393 0.2179376 0.2006161 0 0 0 0 0 0 0 0 0 0 0 0 0 0 0 0 0 0 0 0 0 0 0 0 2 16823.3661 
sw061b003 5 1.1634917 0.4632167 0.4154333 0.1437917 0.14105 0 0 0 0 0 0 0 0 0 0 0 0 0 0 0 0 0 0 0 0 0 0 0 0 1 16823.8342 
sw061b003 5 1.2481443 0.4453124 0.4011595 0.2116156 0.1900568 0 0 0 0 0 0 0 0 0 0 0 0 0 0 0 0 0 0 0 0 0 0 0 0 2 16827.1919 
sw061b003 6 1.299475 0.4698597 0.3823236 0.149325 0.1209584 0.1770083 0 0 0 0 0 0 0 0 0 0 0 0 0 0 0 0 0 0 0 0 0 0 0 1 16828.0384 
sw061b003 5 0.6515885 0.18409 0.205535 0.1309596 0.1310039 0 0 0 0 0 0 0 0 0 0 0 0 0 0 0 0 0 0 0 0 0 0 0 0 3 16828.2891 
sw061b003 5 0.543088 0.1408204 0.1835504 0.1090053 0.1097119 0 0 0 0 0 0 0 0 0 0 0 0 0 0 0 0 0 0 0 0 0 0 0 0 3 16829.7695 
sw061b003 5 1.2503205 0.4459073 0.4197341 0.210892 0.1737871 0 0 0 0 0 0 0 0 0 0 0 0 0 0 0 0 0 0 0 0 0 0 0 0 2 16830.7533 
sw061b003 5 1.1628 0.44025 0.3972 0.1612083 0.1641417 0 0 0 0 0 0 0 0 0 0 0 0 0 0 0 0 0 0 0 0 0 0 0 0 1 16832.0036 
sw061b003 5 0.8382923 0.2627174 0.2969816 0.1426771 0.1359162 0 0 0 0 0 0 0 0 0 0 0 0 0 0 0 0 0 0 0 0 0 0 0 0 3 16834.1564 
sw061b003 5 1.300186 0.462143 0.4315966 0.2085137 0.1979327 0 0 0 0 0 0 0 0 0 0 0 0 0 0 0 0 0 0 0 0 0 0 0 0 2 16834.3966 
sw061b003 5 1.1656583 0.4443083 0.390775 0.1735667 0.1570083 0 0 0 0 0 0 0 0 0 0 0 0 0 0 0 0 0 0 0 0 0 0 0 0 1 16836.1561 
sw061b003 5 0.7972957 0.3028084 0.2077147 0.1317545 0.1550181 0 0 0 0 0 0 0 0 0 0 0 0 0 0 0 0 0 0 0 0 0 0 0 0 3 16838.0573 
sw061b003 5 0.9779916 0.3707 0.3171916 0.133125 0.156975 0 0 0 0 0 0 0 0 0 0 0 0 0 0 0 0 0 0 0 0 0 0 0 0 2 16849.5886 
sw061b003 8 1.262475 0.3026167 0.2152833 0.1016083 0.0914417 0.1003 0.1416667 0.3095583 0 0 0 0 0 0 0 0 0 0 0 0 0 0 0 0 0 0 0 0 0 2 16852.9764 
sw061b003 7 0.7579 0.268525 0.1784583 0.0798834 0.05695 0.0778333 0.09625 0 0 0 0 0 0 0 0 0 0 0 0 0 0 0 0 0 0 0 0 0 0 2 16856.4197 
sw061b003 5 0.7667083 0.252475 0.22775 0.1619833 0.1245 0 0 0 0 0 0 0 0 0 0 0 0 0 0 0 0 0 0 0 0 0 0 0 0 2 16863.1066 
sw061b003 5 0.765125 0.2577666 0.2218667 0.1498667 0.135625 0 0 0 0 0 0 0 0 0 0 0 0 0 0 0 0 0 0 0 0 0 0 0 0 2 16869.2075 
sw061b003 5 0.911825 0.3221667 0.2836417 0.1706916 0.135325 0 0 0 0 0 0 0 0 0 0 0 0 0 0 0 0 0 0 0 0 0 0 0 0 2 16876.611 
sw061b003 6 1.1853333 0.42405 0.3575167 0.12515 0.1296833 0.1489333 0 0 0 0 0 0 0 0 0 0 0 0 0 0 0 0 0 0 0 0 0 0 0 2 16886.7521 
sw061b003 7 1.0399917 0.3464 0.2702833 0.1169667 0.103 0.0916417 0.1117 0 0 0 0 0 0 0 0 0 0 0 0 0 0 0 0 0 0 0 0 0 0 2 16896.0012 
sw061b003 8 1.1769833 0.34825 0.2871833 0.1254333 0.1036584 0.1017416 0.099 0.1117167 0 0 0 0 0 0 0 0 0 0 0 0 0 0 0 0 0 0 0 0 0 2 16900.5951 
sw061b003 9 1.1975917 0.3745417 0.2326333 0.11025 0.0954834 0.0765666 0.0844167 0.0960583 0.1276417 0 0 0 0 0 0 0 0 0 0 0 0 0 0 0 0 0 0 0 0 2 16905.4682 
sw061b003 6 1.0887583 0.3472333 0.285275 0.1433333 0.1331834 0.1797333 0 0 0 0 0 0 0 0 0 0 0 0 0 0 0 0 0 0 0 0 0 0 0 2 16909.7536 
sw061b003 6 0.9817834 0.2979 0.2506167 0.1575417 0.119575 0.15615 0 0 0 0 0 0 0 0 0 0 0 0 0 0 0 0 0 0 0 0 0 0 0 2 16913.0432 
sw061b003 5 0.8778333 0.3360667 0.2537166 0.1449334 0.1431166 0 0 0 0 0 0 0 0 0 0 0 0 0 0 0 0 0 0 0 0 0 0 0 0 2 16920.5938 
sw061b003 5 0.8263584 0.3144 0.2649 0.12995 0.1171084 0 0 0 0 0 0 0 0 0 0 0 0 0 0 0 0 0 0 0 0 0 0 0 0 2 16924.4254 
sw061b003 5 0.903464 0.3640167 0.2719583 0.14385 0.123639 0 0 0 0 0 0 0 0 0 0 0 0 0 0 0 0 0 0 0 0 0 0 0 0 2 16928.1811 
sw061b003 5 1.2202333 0.4382416 0.422375 0.182675 0.1769417 0 0 0 0 0 0 0 0 0 0 0 0 0 0 0 0 0 0 0 0 0 0 0 0 1 16966.3857 
sw061b003 5 1.1449333 0.4096666 0.40065 0.1645334 0.1700833 0 0 0 0 0 0 0 0 0 0 0 0 0 0 0 0 0 0 0 0 0 0 0 0 1 16972.1369 
sw061b003 4 1.0652464 0.3764478 0.3553693 0.3334293 0 0 0 0 0 0 0 0 0 0 0 0 0 0 0 0 0 0 0 0 0 0 0 0 0 2 16972.246 
sw061b003 5 1.0572583 0.3814 0.3463 0.1725917 0.1569666 0 0 0 0 0 0 0 0 0 0 0 0 0 0 0 0 0 0 0 0 0 0 0 0 1 16976.4422 
sw061b003 4 1.0172528 0.3514639 0.3237967 0.3419922 0 0 0 0 0 0 0 0 0 0 0 0 0 0 0 0 0 0 0 0 0 0 0 0 0 2 16976.7114 
sw061b003 4 0.9366183 0.3219819 0.3083816 0.3062548 0 0 0 0 0 0 0 0 0 0 0 0 0 0 0 0 0 0 0 0 0 0 0 0 0 2 16980.0652 
sw061b003 5 0.9682667 0.3528 0.3055 0.1700917 0.139875 0 0 0 0 0 0 0 0 0 0 0 0 0 0 0 0 0 0 0 0 0 0 0 0 1 16980.3174 
sw061b003 1 0 0 0 0 0 0 0 0 0 0 0 0 0 0 0 0 0 0 0 0 0 0 0 0 0 0 0 0 0 3 16982.0152 
sw061b003 4 0.8423354 0.2786669 0.2694927 0.2941758 0 0 0 0 0 0 0 0 0 0 0 0 0 0 0 0 0 0 0 0 0 0 0 0 0 2 16982.2596 
sw061b003 5 0.9128667 0.32095 0.2746833 0.156475 0.1607584 0 0 0 0 0 0 0 0 0 0 0 0 0 0 0 0 0 0 0 0 0 0 0 0 1 16982.6643 
sw061b003 5 1.0952986 0.4101787 0.3591648 0.1536484 0.1723067 0 0 0 0 0 0 0 0 0 0 0 0 0 0 0 0 0 0 0 0 0 0 0 0 3 16983.2214 
sw061b003 4 0.7772375 0.2521422 0.2553111 0.2697842 0 0 0 0 0 0 0 0 0 0 0 0 0 0 0 0 0 0 0 0 0 0 0 0 0 2 16983.8092 
sw061b003 6 0.8011333 0.1619 0.163575 0.1583166 0.1425334 0.1748083 0 0 0 0 0 0 0 0 0 0 0 0 0 0 0 0 0 0 0 0 0 0 0 1 16984.0614 
sw061b003 5 1.1380165 0.4553561 0.3613719 0.1502888 0.1709997 0 0 0 0 0 0 0 0 0 0 0 0 0 0 0 0 0 0 0 0 0 0 0 0 3 16986.7137 
sw061b003 4 0.7550951 0.2585934 0.2295811 0.2669206 0 0 0 0 0 0 0 0 0 0 0 0 0 0 0 0 0 0 0 0 0 0 0 0 0 2 16987.3635 
sw061b003 5 0.8077417 0.2870167 0.2628916 0.1306417 0.1271917 0 0 0 0 0 0 0 0 0 0 0 0 0 0 0 0 0 0 0 0 0 0 0 0 1 16987.4642 
sw061b003 5 1.143431 0.440271 0.3908319 0.1517898 0.1605383 0 0 0 0 0 0 0 0 0 0 0 0 0 0 0 0 0 0 0 0 0 0 0 0 3 16990.5562 
sw061b003 4 0.7623649 0.2497835 0.2407266 0.2718548 0 0 0 0 0 0 0 0 0 0 0 0 0 0 0 0 0 0 0 0 0 0 0 0 0 2 16991.0331 
sw061b003 5 0.8556833 0.2851333 0.2836834 0.1518416 0.135025 0 0 0 0 0 0 0 0 0 0 0 0 0 0 0 0 0 0 0 0 0 0 0 0 1 16994.1907 
sw061b003 4 0.8155733 0.2738934 0.2655017 0.2761782 0 0 0 0 0 0 0 0 0 0 0 0 0 0 0 0 0 0 0 0 0 0 0 0 0 2 16994.2201 
sw061b003 19 1.0957583 0.0315333 0.040525 0.058125 0.0496084 0.0485916 0.0481084 0.0468916 0.0460084 0.044725 0.0435666 0.0420084 0.0422333 0.0449083 0.0506417 0.0638417 0.095925 0.1312916 0.167225 0 0 0 0 0 0 0 0 0 0 1 17183.795 
sw061b003 4 0.9608118 0.3423524 0.3025331 0.3159263 0 0 0 0 0 0 0 0 0 0 0 0 0 0 0 0 0 0 0 0 0 0 0 0 0 2 17184.2666 
sw061b003 18 1.1339583 0.0475333 0.0863583 0.040225 0.0400584 0.0436583 0.0415917 0.040825 0.0429083 0.0424167 0.0461666 0.0475834 0.053825 0.0628583 0.0789417 0.1076333 0.1351417 0.1762333 0 0 0 0 0 0 0 0 0 0 0 1 17187.8696 
sw061b003 4 0.9199125 0.3074018 0.3023012 0.3102095 0 0 0 0 0 0 0 0 0 0 0 0 0 0 0 0 0 0 0 0 0 0 0 0 0 2 17188.4427 
sw061b003 18 0.9904833 0.0354833 0.0389834 0.0486833 0.0435667 0.045875 0.0422 0.0427583 0.042325 0.0433583 0.0448167 0.0461833 0.046175 0.0539167 0.0631083 0.0843917 0.114625 0.1540333 0 0 0 0 0 0 0 0 0 0 0 1 17191.8796 
sw061b003 5 0.87825 0.2816 0.2822333 0.179225 0.1351917 0 0 0 0 0 0 0 0 0 0 0 0 0 0 0 0 0 0 0 0 0 0 0 0 1 17196.4604 
sw061b003 5 0.85415 0.2551 0.294925 0.169825 0.1343 0 0 0 0 0 0 0 0 0 0 0 0 0 0 0 0 0 0 0 0 0 0 0 0 1 17201.5473 
sw061b003 4 0.927527 0.3340878 0.2989134 0.2945258 0 0 0 0 0 0 0 0 0 0 0 0 0 0 0 0 0 0 0 0 0 0 0 0 0 2 17201.5473 
sw061b003 4 0.883649 0.3143859 0.2844149 0.2848482 0 0 0 0 0 0 0 0 0 0 0 0 0 0 0 0 0 0 0 0 0 0 0 0 0 2 17206.515 
sw061b003 5 1.11705 0.3857667 0.388525 0.1666417 0.1761166 0 0 0 0 0 0 0 0 0 0 0 0 0 0 0 0 0 0 0 0 0 0 0 0 1 17215.3347 
sw061b003 4 1.0632274 0.3787291 0.3540237 0.3304746 0 0 0 0 0 0 0 0 0 0 0 0 0 0 0 0 0 0 0 0 0 0 0 0 0 2 17215.9839 
sw061b003 4 1.0799416 0.3750906 0.3513112 0.3535398 0 0 0 0 0 0 0 0 0 0 0 0 0 0 0 0 0 0 0 0 0 0 0 0 0 2 17220.4742 
sw061b003 5 1.0714083 0.3665583 0.3723584 0.1663333 0.1661583 0 0 0 0 0 0 0 0 0 0 0 0 0 0 0 0 0 0 0 0 0 0 0 0 1 17220.4827 
sw061b003 5 0.8126785 0.2285824 0.2423392 0.1567403 0.1850166 0 0 0 0 0 0 0 0 0 0 0 0 0 0 0 0 0 0 0 0 0 0 0 0 2 17268.8393 
sw061b003 5 0.3651927 0.0989079 0.0897648 0.0867372 0.0897814 0 0 0 0 0 0 0 0 0 0 0 0 0 0 0 0 0 0 0 0 0 0 0 0 3 17270.7088 
sw061b003 5 0.3776803 0.0821097 0.0787152 0.0831555 0.1336999 0 0 0 0 0 0 0 0 0 0 0 0 0 0 0 0 0 0 0 0 0 0 0 0 3 17275.3645 
sw061b003 5 0.7632467 0.2305816 0.2127791 0.1717391 0.1481469 0 0 0 0 0 0 0 0 0 0 0 0 0 0 0 0 0 0 0 0 0 0 0 0 2 17276.2407 
sw061b003 5 0.8077253 0.2403213 0.261517 0.1681684 0.1377186 0 0 0 0 0 0 0 0 0 0 0 0 0 0 0 0 0 0 0 0 0 0 0 0 3 17277.4572 
sw061b003 5 0.7360095 0.2107709 0.2120145 0.1709055 0.1423186 0 0 0 0 0 0 0 0 0 0 0 0 0 0 0 0 0 0 0 0 0 0 0 0 2 17279.4066 
sw061b003 5 0.8045726 0.2390549 0.2335462 0.1797775 0.152194 0 0 0 0 0 0 0 0 0 0 0 0 0 0 0 0 0 0 0 0 0 0 0 0 3 17279.9036 
sw061b003 5 0.7529816 0.2245582 0.2306492 0.1738725 0.1239017 0 0 0 0 0 0 0 0 0 0 0 0 0 0 0 0 0 0 0 0 0 0 0 0 2 17282.2957 
sw061b003 5 0.813638 0.2339031 0.2646304 0.1699056 0.1451989 0 0 0 0 0 0 0 0 0 0 0 0 0 0 0 0 0 0 0 0 0 0 0 0 3 17282.8068 
sw061b003 5 0.7520881 0.212179 0.2184992 0.1602721 0.1611378 0 0 0 0 0 0 0 0 0 0 0 0 0 0 0 0 0 0 0 0 0 0 0 0 2 17285.4878 
sw061b003 5 0.8194365 0.241845 0.2643326 0.1638873 0.1493716 0 0 0 0 0 0 0 0 0 0 0 0 0 0 0 0 0 0 0 0 0 0 0 0 3 17286.0531 
sw061b003 14 0.582033 0.0394583 0.0444167 0.0496 0.0490583 0.0395667 0.0481667 0.0320083 0.0336083 0.0510667 0.04325 0.037325 0.04985 0.064658 0 0 0 0 0 0 0 0 0 0 0 0 0 0 0 3 17287.44177 
sw061b003 5 0.8353971 0.2414671 0.2681227 0.176719 0.1490883 0 0 0 0 0 0 0 0 0 0 0 0 0 0 0 0 0 0 0 0 0 0 0 0 3 17289.2085 
sw061b003 5 0.7330245 0.2245245 0.226275 0.1504416 0.1317834 0 0 0 0 0 0 0 0 0 0 0 0 0 0 0 0 0 0 0 0 0 0 0 0 2 17290.3455 
sw061b003 5 0.8065359 0.2437393 0.2490122 0.1617297 0.1520547 0 0 0 0 0 0 0 0 0 0 0 0 0 0 0 0 0 0 0 0 0 0 0 0 3 17292.1619 
sw061b003 5 0.7895661 0.2505122 0.204231 0.1514728 0.1833501 0 0 0 0 0 0 0 0 0 0 0 0 0 0 0 0 0 0 0 0 0 0 0 0 2 17292.4614 
sw061b003 4 0.6053649 0.2192613 0.2391238 0.1469798 0 0 0 0 0 0 0 0 0 0 0 0 0 0 0 0 0 0 0 0 0 0 0 0 0 3 17293.8609 
sw061b003 5 0.5961673 0.1530801 0.1320531 0.1567412 0.1542929 0 0 0 0 0 0 0 0 0 0 0 0 0 0 0 0 0 0 0 0 0 0 0 0 2 17294.0243 
sw061b003 5 0.7548363 0.2088306 0.2340782 0.1728944 0.1390331 0 0 0 0 0 0 0 0 0 0 0 0 0 0 0 0 0 0 0 0 0 0 0 0 2 17296.4578 
sw061b003 5 0.7706246 0.2214714 0.2369096 0.1734942 0.1387494 0 0 0 0 0 0 0 0 0 0 0 0 0 0 0 0 0 0 0 0 0 0 0 0 3 17298.7853 
sw061b003 5 0.6630333 0.1925917 0.2018166 0.1365083 0.1321167 0 0 0 0 0 0 0 0 0 0 0 0 0 0 0 0 0 0 0 0 0 0 0 0 2 17299.6668 
sw061b003 5 0.75086 0.2011348 0.2125462 0.1657395 0.1714395 0 0 0 0 0 0 0 0 0 0 0 0 0 0 0 0 0 0 0 0 0 0 0 0 2 17301.4083 
sw061b003 5 0.7512729 0.2011822 0.2126428 0.1658967 0.1715512 0 0 0 0 0 0 0 0 0 0 0 0 0 0 0 0 0 0 0 0 0 0 0 0 3 17301.4141 
sw061b003 5 0.7454917 0.2058333 0.2347417 0.1578417 0.147075 0 0 0 0 0 0 0 0 0 0 0 0 0 0 0 0 0 0 0 0 0 0 0 0 2 17303.4746 
sw061b003 5 0.7456188 0.2059128 0.2349631 0.1579704 0.1467725 0 0 0 0 0 0 0 0 0 0 0 0 0 0 0 0 0 0 0 0 0 0 0 0 3 17303.4821 
sw061b003 5 1.019675 0.3401583 0.3509417 0.1632083 0.1653667 0 0 0 0 0 0 0 0 0 0 0 0 0 0 0 0 0 0 0 0 0 0 0 0 1 17307.1018 
sw061b003 5 0.794025 0.2472167 0.240825 0.1575833 0.1484 0 0 0 0 0 0 0 0 0 0 0 0 0 0 0 0 0 0 0 0 0 0 0 0 2 17310.0109 
sw061b003 5 1.0788583 0.376125 0.3824417 0.154 0.1662916 0 0 0 0 0 0 0 0 0 0 0 0 0 0 0 0 0 0 0 0 0 0 0 0 1 17313.744 
sw061b003 5 0.759975 0.2106834 0.231075 0.1657416 0.152475 0 0 0 0 0 0 0 0 0 0 0 0 0 0 0 0 0 0 0 0 0 0 0 0 2 17316.5881 
sw061b003 5 0.7731 0.225125 0.2595416 0.14025 0.1481834 0 0 0 0 0 0 0 0 0 0 0 0 0 0 0 0 0 0 0 0 0 0 0 0 2 17319.0485 
sw061b003 5 0.8188583 0.2453667 0.2732166 0.159875 0.1404 0 0 0 0 0 0 0 0 0 0 0 0 0 0 0 0 0 0 0 0 0 0 0 0 2 17321.9745 
sw061b003 5 0.4405583 0.1120833 0.1118584 0.1052333 0.1113833 0 0 0 0 0 0 0 0 0 0 0 0 0 0 0 0 0 0 0 0 0 0 0 0 2 17324.2876 
sw061b003 5 0.3786167 0.1017417 0.0965416 0.0877667 0.0925667 0 0 0 0 0 0 0 0 0 0 0 0 0 0 0 0 0 0 0 0 0 0 0 0 3 17326.9092 
sw061b003 4 0.5338417 0.1138417 0.1164334 0.3035666 0 0 0 0 0 0 0 0 0 0 0 0 0 0 0 0 0 0 0 0 0 0 0 0 0 2 17328.5665 
sw061b003 5 0.365775 0.0977083 0.086825 0.0865084 0.0947333 0 0 0 0 0 0 0 0 0 0 0 0 0 0 0 0 0 0 0 0 0 0 0 0 3 17330.5073 
sw061b003 4 0.3757269 0.1254816 0.1124393 0.137806 0 0 0 0 0 0 0 0 0 0 0 0 0 0 0 0 0 0 0 0 0 0 0 0 0 2 17330.7362 
sw061b003 5 0.5397316 0.1319356 0.1342088 0.1252727 0.1483145 0 0 0 0 0 0 0 0 0 0 0 0 0 0 0 0 0 0 0 0 0 0 0 0 2 17331.9478 
sw061b003 5 0.84995 0.2613 0.2678 0.1699167 0.1509333 0 0 0 0 0 0 0 0 0 0 0 0 0 0 0 0 0 0 0 0 0 0 0 0 4 17334.0539 
sw061b003 5 0.82415 0.2631584 0.2550833 0.16545 0.1404583 0 0 0 0 0 0 0 0 0 0 0 0 0 0 0 0 0 0 0 0 0 0 0 0 4 17337.8596 
sw061b003 5 0.82005 0.24545 0.25045 0.1838917 0.1402583 0 0 0 0 0 0 0 0 0 0 0 0 0 0 0 0 0 0 0 0 0 0 0 0 4 17340.4725 
sw061b003 5 0.8488833 0.281675 0.2558833 0.1719 0.139425 0 0 0 0 0 0 0 0 0 0 0 0 0 0 0 0 0 0 0 0 0 0 0 0 2 17345.0196 
sw061b003 5 0.8859675 0.3008019 0.2805308 0.1570654 0.1475694 0 0 0 0 0 0 0 0 0 0 0 0 0 0 0 0 0 0 0 0 0 0 0 0 1 17347.6599 
sw061b003 4 0.377682 0.1397493 0.1229359 0.1149968 0 0 0 0 0 0 0 0 0 0 0 0 0 0 0 0 0 0 0 0 0 0 0 0 0 5 17348.0777 
sw061b003 5 0.8053243 0.2598842 0.2439756 0.1795917 0.1218728 0 0 0 0 0 0 0 0 0 0 0 0 0 0 0 0 0 0 0 0 0 0 0 0 2 17348.4242 
sw061b003 5 0.8799 0.3008333 0.290375 0.1499 0.1387917 0 0 0 0 0 0 0 0 0 0 0 0 0 0 0 0 0 0 0 0 0 0 0 0 1 17350.9264 
sw061b003 5 0.9557787 0.3505056 0.3191342 0.1402398 0.1458991 0 0 0 0 0 0 0 0 0 0 0 0 0 0 0 0 0 0 0 0 0 0 0 0 3 17351.5611 
sw061b003 5 0.7602213 0.2886176 0.2088861 0.159587 0.1031306 0 0 0 0 0 0 0 0 0 0 0 0 0 0 0 0 0 0 0 0 0 0 0 0 4 17352.4882 
sw061b003 5 0.8463917 0.2906 0.267825 0.1534167 0.13455 0 0 0 0 0 0 0 0 0 0 0 0 0 0 0 0 0 0 0 0 0 0 0 0 1 17355.4769 
sw061b003 5 0.8812492 0.3146882 0.2785256 0.1549157 0.1331197 0 0 0 0 0 0 0 0 0 0 0 0 0 0 0 0 0 0 0 0 0 0 0 0 3 17355.6683 
sw061b003 5 0.8775277 0.3058234 0.2882235 0.1463814 0.1370994 0 0 0 0 0 0 0 0 0 0 0 0 0 0 0 0 0 0 0 0 0 0 0 0 2 17359.5341 
sw061b003 5 0.8346667 0.293025 0.255125 0.1514083 0.1351084 0 0 0 0 0 0 0 0 0 0 0 0 0 0 0 0 0 0 0 0 0 0 0 0 1 17359.7543 
sw061b003 5 1.0180324 0.3851917 0.3475467 0.1365544 0.1487396 0 0 0 0 0 0 0 0 0 0 0 0 0 0 0 0 0 0 0 0 0 0 0 0 3 17363.9262 
sw061b003 5 0.8433333 0.2850667 0.275475 0.1487416 0.13405 0 0 0 0 0 0 0 0 0 0 0 0 0 0 0 0 0 0 0 0 0 0 0 0 1 17364.2349 
sw061b003 5 0.8982834 0.3208417 0.2819684 0.1651066 0.1303667 0 0 0 0 0 0 0 0 0 0 0 0 0 0 0 0 0 0 0 0 0 0 0 0 1 17368.8279 
sw061b003 5 0.9810579 0.3629446 0.3336405 0.1462937 0.1381791 0 0 0 0 0 0 0 0 0 0 0 0 0 0 0 0 0 0 0 0 0 0 0 0 3 17369.0678 
sw061b003 5 0.9133559 0.3274429 0.2966276 0.1492552 0.1400302 0 0 0 0 0 0 0 0 0 0 0 0 0 0 0 0 0 0 0 0 0 0 0 0 2 17372.7817 
sw061b003 5 0.8765334 0.2861834 0.2791916 0.1668167 0.1443417 0 0 0 0 0 0 0 0 0 0 0 0 0 0 0 0 0 0 0 0 0 0 0 0 1 17373.0661 
sw061b003 5 0.8924916 0.2945333 0.2586417 0.191825 0.1474916 0 0 0 0 0 0 0 0 0 0 0 0 0 0 0 0 0 0 0 0 0 0 0 0 1 17377.6511 
sw061b003 5 1.0382136 0.3727832 0.3524591 0.1525751 0.1603962 0 0 0 0 0 0 0 0 0 0 0 0 0 0 0 0 0 0 0 0 0 0 0 0 2 17378.8956 
sw061b003 5 0.9098583 0.3114166 0.2893084 0.1489166 0.1602167 0 0 0 0 0 0 0 0 0 0 0 0 0 0 0 0 0 0 0 0 0 0 0 0 1 17381.7453 
sw061b003 5 1.0709346 0.3990122 0.3563923 0.1577743 0.1577558 0 0 0 0 0 0 0 0 0 0 0 0 0 0 0 0 0 0 0 0 0 0 0 0 2 17383.9248 
sw061b003 5 1.0786749 0.3988294 0.3640596 0.1637795 0.1520064 0 0 0 0 0 0 0 0 0 0 0 0 0 0 0 0 0 0 0 0 0 0 0 0 2 17387.5805 
sw061b003 5 1.136282 0.4184628 0.3906077 0.1564262 0.1707853 0 0 0 0 0 0 0 0 0 0 0 0 0 0 0 0 0 0 0 0 0 0 0 0 2 17391.0086 
sw061b003 6 1.172941 0.3884327 0.3623416 0.1327167 0.1323667 0.1570833 0 0 0 0 0 0 0 0 0 0 0 0 0 0 0 0 0 0 0 0 0 0 0 1 17391.8177 
sw061b003 5 1.17838 0.4184698 0.3976654 0.1842506 0.1779942 0 0 0 0 0 0 0 0 0 0 0 0 0 0 0 0 0 0 0 0 0 0 0 0 2 17395.1756 
sw061b003 5 1.0251 0.382325 0.3406 0.1414417 0.1607333 0 0 0 0 0 0 0 0 0 0 0 0 0 0 0 0 0 0 0 0 0 0 0 0 1 17395.9917 
sw061b003 4 1.246301 0.4604105 0.4283835 0.357507 0 0 0 0 0 0 0 0 0 0 0 0 0 0 0 0 0 0 0 0 0 0 0 0 0 2 17398.9043 
sw061b003 5 0.9940583 0.369975 0.3335583 0.1339167 0.1566083 0 0 0 0 0 0 0 0 0 0 0 0 0 0 0 0 0 0 0 0 0 0 0 0 1 17399.5963 
sw061b003 5 1.2132589 0.4272177 0.4147827 0.1950373 0.1762212 0 0 0 0 0 0 0 0 0 0 0 0 0 0 0 0 0 0 0 0 0 0 0 0 2 17402.6269 
sw061b003 5 1.0115083 0.369 0.3160333 0.1682917 0.1581833 0 0 0 0 0 0 0 0 0 0 0 0 0 0 0 0 0 0 0 0 0 0 0 0 1 17403.1551 
sw061b003 5 1.2487167 0.43845 0.4275917 0.1948667 0.1878083 0 0 0 0 0 0 0 0 0 0 0 0 0 0 0 0 0 0 0 0 0 0 0 0 2 17406.3662 
sw061b003 5 1.243475 0.4374667 0.4248916 0.18875 0.1923667 0 0 0 0 0 0 0 0 0 0 0 0 0 0 0 0 0 0 0 0 0 0 0 0 2 17410.0493 
sw061b003 5 1.24775 0.4425916 0.425125 0.210525 0.1695084 0 0 0 0 0 0 0 0 0 0 0 0 0 0 0 0 0 0 0 0 0 0 0 0 2 17414.0197 
sw061b003 5 1.253825 0.455825 0.4179 0.2093083 0.1707917 0 0 0 0 0 0 0 0 0 0 0 0 0 0 0 0 0 0 0 0 0 0 0 0 2 17417.6866 
sw061b003 5 1.2820667 0.470125 0.430175 0.1955917 0.186175 0 0 0 0 0 0 0 0 0 0 0 0 0 0 0 0 0 0 0 0 0 0 0 0 2 17421.6169 
sw061b003 5 0.3497451 0.0941829 0.0823661 0.0788107 0.0943854 0 0 0 0 0 0 0 0 0 0 0 0 0 0 0 0 0 0 0 0 0 0 0 0 2 17425.3794 
sw061b003 5 1.2677761 0.4424807 0.431217 0.2052574 0.188821 0 0 0 0 0 0 0 0 0 0 0 0 0 0 0 0 0 0 0 0 0 0 0 0 4 17425.3794 
sw061b003 5 1.1465686 0.4129505 0.4064117 0.1684629 0.1587435 0 0 0 0 0 0 0 0 0 0 0 0 0 0 0 0 0 0 0 0 0 0 0 0 1 17426.3526 
sw061b003 5 0.3255592 0.0765079 0.0822439 0.0779635 0.0888439 0 0 0 0 0 0 0 0 0 0 0 0 0 0 0 0 0 0 0 0 0 0 0 0 3 17427.3404 
sw061b003 5 0.3599042 0.093502 0.0899649 0.0833547 0.0930826 0 0 0 0 0 0 0 0 0 0 0 0 0 0 0 0 0 0 0 0 0 0 0 0 2 17429.172 
sw061b003 5 1.2915099 0.4467699 0.4385537 0.2174721 0.1887142 0 0 0 0 0 0 0 0 0 0 0 0 0 0 0 0 0 0 0 0 0 0 0 0 4 17429.4075 
sw061b003 5 1.10535 0.3801333 0.373825 0.1967417 0.15465 0 0 0 0 0 0 0 0 0 0 0 0 0 0 0 0 0 0 0 0 0 0 0 0 1 17430.2015 
sw061b003 5 0.8313245 0.2403909 0.2669992 0.1769306 0.1470038 0 0 0 0 0 0 0 0 0 0 0 0 0 0 0 0 0 0 0 0 0 0 0 0 2 17433.1847 
sw061b003 5 1.2658826 0.4542516 0.4222581 0.2029557 0.1864172 0 0 0 0 0 0 0 0 0 0 0 0 0 0 0 0 0 0 0 0 0 0 0 0 4 17433.3341 
sw061b003 5 1.1412916 0.4223916 0.3782 0.1829584 0.1577416 0 0 0 0 0 0 0 0 0 0 0 0 0 0 0 0 0 0 0 0 0 0 0 0 1 17433.9222 
sw061b003 5 0.7928376 0.2482523 0.2422642 0.1840283 0.1182928 0 0 0 0 0 0 0 0 0 0 0 0 0 0 0 0 0 0 0 0 0 0 0 0 4 17436.8293 
sw061b003 5 1.207617 0.4303842 0.4131096 0.1927864 0.1713368 0 0 0 0 0 0 0 0 0 0 0 0 0 0 0 0 0 0 0 0 0 0 0 0 2 17437.4635 
sw061b003 5 1.13355 0.4199084 0.380575 0.172825 0.1602416 0 0 0 0 0 0 0 0 0 0 0 0 0 0 0 0 0 0 0 0 0 0 0 0 1 17437.8254 
sw061b003 5 0.7953642 0.2273612 0.2413084 0.1846807 0.1420139 0 0 0 0 0 0 0 0 0 0 0 0 0 0 0 0 0 0 0 0 0 0 0 0 2 17440.5097 
sw061b003 5 1.1610088 0.4229974 0.3839057 0.1867473 0.1673584 0 0 0 0 0 0 0 0 0 0 0 0 0 0 0 0 0 0 0 0 0 0 0 0 3 17441.1294 
sw061b003 5 0.754053 0.2091445 0.2352195 0.1762779 0.1334111 0 0 0 0 0 0 0 0 0 0 0 0 0 0 0 0 0 0 0 0 0 0 0 0 4 17442.5066 
sw061b003 5 0.7408668 0.2007586 0.2306995 0.1526032 0.1568055 0 0 0 0 0 0 0 0 0 0 0 0 0 0 0 0 0 0 0 0 0 0 0 0 2 17444.4194 
sw061b003 5 1.1665856 0.4112633 0.4000793 0.1906116 0.1646314 0 0 0 0 0 0 0 0 0 0 0 0 0 0 0 0 0 0 0 0 0 0 0 0 3 17444.7205 
sw061b003 5 0.7498283 0.2086798 0.2296716 0.1510539 0.160423 0 0 0 0 0 0 0 0 0 0 0 0 0 0 0 0 0 0 0 0 0 0 0 0 4 17446.0799 
sw061b003 5 1.2151192 0.4371068 0.4017594 0.1942775 0.1819755 0 0 0 0 0 0 0 0 0 0 0 0 0 0 0 0 0 0 0 0 0 0 0 0 2 17448.1853 
sw061b003 5 1.2065834 0.43305 0.4599917 0.162 0.1515417 0 0 0 0 0 0 0 0 0 0 0 0 0 0 0 0 0 0 0 0 0 0 0 0 1 17449.3504 
sw061b003 5 0.7817203 0.2398294 0.2407753 0.167195 0.1339206 0 0 0 0 0 0 0 0 0 0 0 0 0 0 0 0 0 0 0 0 0 0 0 0 2 17451.2136 
sw061b003 5 1.2185259 0.4334453 0.4121266 0.1864757 0.1864783 0 0 0 0 0 0 0 0 0 0 0 0 0 0 0 0 0 0 0 0 0 0 0 0 3 17452.1558 
sw061b003 5 1.147725 0.41375 0.3696583 0.2045417 0.159775 0 0 0 0 0 0 0 0 0 0 0 0 0 0 0 0 0 0 0 0 0 0 0 0 1 17453.1499 
sw061b003 4 1.0165829 0.3579296 0.3231303 0.335523 0 0 0 0 0 0 0 0 0 0 0 0 0 0 0 0 0 0 0 0 0 0 0 0 0 3 17455.0822 
sw061b003 5 0.8223793 0.2597926 0.2581343 0.1665431 0.1379093 0 0 0 0 0 0 0 0 0 0 0 0 0 0 0 0 0 0 0 0 0 0 0 0 2 17455.4841 
sw061b003 5 1.2292307 0.4357181 0.4158385 0.1907266 0.1869475 0 0 0 0 0 0 0 0 0 0 0 0 0 0 0 0 0 0 0 0 0 0 0 0 4 17456.2656 
sw061b003 5 1.1420083 0.4143833 0.3650417 0.1902833 0.1723 0 0 0 0 0 0 0 0 0 0 0 0 0 0 0 0 0 0 0 0 0 0 0 0 1 17457.2593 
sw061b003 4 0.9937249 0.3550905 0.324289 0.3143454 0 0 0 0 0 0 0 0 0 0 0 0 0 0 0 0 0 0 0 0 0 0 0 0 0 3 17459.1095 
sw061b003 5 0.8350972 0.2685337 0.2694695 0.1669608 0.1301332 0 0 0 0 0 0 0 0 0 0 0 0 0 0 0 0 0 0 0 0 0 0 0 0 2 17459.8896 
sw061b003 5 1.1559333 0.4158583 0.39775 0.1779083 0.1644167 0 0 0 0 0 0 0 0 0 0 0 0 0 0 0 0 0 0 0 0 0 0 0 0 1 17461.2438 
sw061b003 5 0.8500219 0.2783829 0.2605276 0.1703838 0.1407276 0 0 0 0 0 0 0 0 0 0 0 0 0 0 0 0 0 0 0 0 0 0 0 0 2 17463.6727 
sw061b003 5 1.1360083 0.3968167 0.3822166 0.19445 0.162525 0 0 0 0 0 0 0 0 0 0 0 0 0 0 0 0 0 0 0 0 0 0 0 0 1 17465.7324 
sw061b003 5 0.8371613 0.253775 0.2656184 0.1704587 0.1473092 0 0 0 0 0 0 0 0 0 0 0 0 0 0 0 0 0 0 0 0 0 0 0 0 2 17468.7782 
sw061b003 5 1.1140417 0.4012083 0.3655834 0.1887166 0.1585334 0 0 0 0 0 0 0 0 0 0 0 0 0 0 0 0 0 0 0 0 0 0 0 0 1 17469.3181 
sw061b003 5 1.0642751 0.3928084 0.3385083 0.1856 0.1473584 0 0 0 0 0 0 0 0 0 0 0 0 0 0 0 0 0 0 0 0 0 0 0 0 1 17473.3464 
sw061b003 4 0.8762039 0.2960547 0.2818244 0.2983248 0 0 0 0 0 0 0 0 0 0 0 0 0 0 0 0 0 0 0 0 0 0 0 0 0 2 17476.5072 
sw061b003 6 1.2329025 0.2975337 0.3126875 0.3153855 0.1301668 0.177129 0 0 0 0 0 0 0 0 0 0 0 0 0 0 0 0 0 0 0 0 0 0 0 3 17476.7731 
sw061b003 5 1.065625 0.392125 0.3370698 0.1816385 0.1547917 0 0 0 0 0 0 0 0 0 0 0 0 0 0 0 0 0 0 0 0 0 0 0 0 1 17477.252 
sw061b003 5 1.2150338 0.4283482 0.4162206 0.1937644 0.1767006 0 0 0 0 0 0 0 0 0 0 0 0 0 0 0 0 0 0 0 0 0 0 0 0 2 17480.598 
sw061b003 5 1.052175 0.3874333 0.3425 0.1633667 0.158875 0 0 0 0 0 0 0 0 0 0 0 0 0 0 0 0 0 0 0 0 0 0 0 0 1 17481.1091 
sw061b003 5 1.2133892 0.4354517 0.4100046 0.1841969 0.183736 0 0 0 0 0 0 0 0 0 0 0 0 0 0 0 0 0 0 0 0 0 0 0 0 2 17484.3833 
sw061b003 5 1.0389334 0.35475 0.4019833 0.1315667 0.1506334 0 0 0 0 0 0 0 0 0 0 0 0 0 0 0 0 0 0 0 0 0 0 0 0 1 17484.9968 
sw061b003 5 1.1279059 0.4101501 0.3932974 0.1635903 0.1608681 0 0 0 0 0 0 0 0 0 0 0 0 0 0 0 0 0 0 0 0 0 0 0 0 2 17490.7351 
sw061b003 5 1.0987328 0.3997261 0.3931122 0.1583531 0.1475414 0 0 0 0 0 0 0 0 0 0 0 0 0 0 0 0 0 0 0 0 0 0 0 0 2 17494.9677 
sw061b003 5 0.7833942 0.2110948 0.2399935 0.1798669 0.152439 0 0 0 0 0 0 0 0 0 0 0 0 0 0 0 0 0 0 0 0 0 0 0 0 2 17504.0909 
sw061b003 5 0.8201478 0.2419045 0.2599771 0.1760664 0.1421998 0 0 0 0 0 0 0 0 0 0 0 0 0 0 0 0 0 0 0 0 0 0 0 0 2 17508.8065 
sw061b003 5 1.0582238 0.3820141 0.3476872 0.1766481 0.1518744 0 0 0 0 0 0 0 0 0 0 0 0 0 0 0 0 0 0 0 0 0 0 0 0 2 17512.3923 
sw061b003 5 1.2406007 0.4372877 0.4258772 0.1872034 0.1902324 0 0 0 0 0 0 0 0 0 0 0 0 0 0 0 0 0 0 0 0 0 0 0 0 1 17516.965 
sw061b003 5 1.0533169 0.3804126 0.3307598 0.1968459 0.1452986 0 0 0 0 0 0 0 0 0 0 0 0 0 0 0 0 0 0 0 0 0 0 0 0 2 17520.3972 
sw061b003 5 1.2518417 0.4494 0.422125 0.1851584 0.1951583 0 0 0 0 0 0 0 0 0 0 0 0 0 0 0 0 0 0 0 0 0 0 0 0 1 17520.9153 
sw061b003 5 1.148356 0.3997148 0.3481021 0.2100694 0.1904697 0 0 0 0 0 0 0 0 0 0 0 0 0 0 0 0 0 0 0 0 0 0 0 0 2 17524.6541 
sw061b003 5 1.2460333 0.4314417 0.4191166 0.1758 0.219675 0 0 0 0 0 0 0 0 0 0 0 0 0 0 0 0 0 0 0 0 0 0 0 0 1 17524.8764 
sw061b003 5 1.2069833 0.41585 0.407975 0.198925 0.1842333 0 0 0 0 0 0 0 0 0 0 0 0 0 0 0 0 0 0 0 0 0 0 0 0 1 17528.7807 
sw061b003 5 1.179175 0.4154084 0.393 0.191625 0.1791416 0 0 0 0 0 0 0 0 0 0 0 0 0 0 0 0 0 0 0 0 0 0 0 0 1 17532.4228 
sw061b003 5 1.1266747 0.4555232 0.3552175 0.1666725 0.1492615 0 0 0 0 0 0 0 0 0 0 0 0 0 0 0 0 0 0 0 0 0 0 0 0 2 17533.9643 
sw061b003 5 1.210275 0.42925 0.3870666 0.2036917 0.1902667 0 0 0 0 0 0 0 0 0 0 0 0 0 0 0 0 0 0 0 0 0 0 0 0 1 17536.1068 
sw061b003 5 0.8942583 0.3651654 0.2990062 0.1104517 0.119635 0 0 0 0 0 0 0 0 0 0 0 0 0 0 0 0 0 0 0 0 0 0 0 0 2 17536.7269 
sw061b003 5 0.946048 0.3491437 0.3153707 0.1347146 0.146819 0 0 0 0 0 0 0 0 0 0 0 0 0 0 0 0 0 0 0 0 0 0 0 0 2 17539.7497 
sw061b003 5 0.5599023 0.1644433 0.115746 0.1023594 0.1773536 0 0 0 0 0 0 0 0 0 0 0 0 0 0 0 0 0 0 0 0 0 0 0 0 2 17541.30087 
sw061b003 5 0.8794833 0.3124583 0.29865 0.1255584 0.1428166 0 0 0 0 0 0 0 0 0 0 0 0 0 0 0 0 0 0 0 0 0 0 0 0 2 17546.4646 
sw061b003 6 0.902825 0.267375 0.1964917 0.1274333 0.1045 0.207025 0 0 0 0 0 0 0 0 0 0 0 0 0 0 0 0 0 0 0 0 0 0 0 2 17549.5889 
sw061b003 5 1.2329742 0.4381652 0.4254758 0.1861806 0.1831526 0 0 0 0 0 0 0 0 0 0 0 0 0 0 0 0 0 0 0 0 0 0 0 0 3 17550.9867 
sw061b003 5 0.84525 0.2713917 0.2815917 0.1504083 0.1418583 0 0 0 0 0 0 0 0 0 0 0 0 0 0 0 0 0 0 0 0 0 0 0 0 2 17553.3366 
sw061b003 5 0.8729584 0.2923167 0.2540083 0.185625 0.1410084 0 0 0 0 0 0 0 0 0 0 0 0 0 0 0 0 0 0 0 0 0 0 0 0 2 17559.2847 
sw061b003 5 0.8143 0.2684666 0.2546167 0.167525 0.1236917 0 0 0 0 0 0 0 0 0 0 0 0 0 0 0 0 0 0 0 0 0 0 0 0 2 17562.4562 
sw061b003 5 1.1709423 0.4105122 0.4127678 0.1751076 0.1725547 0 0 0 0 0 0 0 0 0 0 0 0 0 0 0 0 0 0 0 0 0 0 0 0 2 17569.6722 
sw061b003 5 1.1575256 0.4001283 0.3937128 0.2018596 0.1618249 0 0 0 0 0 0 0 0 0 0 0 0 0 0 0 0 0 0 0 0 0 0 0 0 2 17573.35 
sw061b003 5 0.9922666 0.36505 0.2907083 0.1747667 0.1617416 0 0 0 0 0 0 0 0 0 0 0 0 0 0 0 0 0 0 0 0 0 0 0 0 2 17576.4085 
sw061b003 5 1.0063666 0.3771166 0.3105917 0.1554 0.1632583 0 0 0 0 0 0 0 0 0 0 0 0 0 0 0 0 0 0 0 0 0 0 0 0 2 17580.2819 
sw061b003 5 0.88195 0.4021667 0.236725 0.1319666 0.1110917 0 0 0 0 0 0 0 0 0 0 0 0 0 0 0 0 0 0 0 0 0 0 0 0 2 17583.8344 
sw061b003 5 0.9578333 0.3878667 0.2865083 0.1257667 0.1576916 0 0 0 0 0 0 0 0 0 0 0 0 0 0 0 0 0 0 0 0 0 0 0 0 2 17587.7127 
sw061b003 5 1.050847 0.3605081 0.3449392 0.1859468 0.1594529 0 0 0 0 0 0 0 0 0 0 0 0 0 0 0 0 0 0 0 0 0 0 0 0 3 17590.6033 
sw061b003 5 0.9762917 0.3841667 0.3020083 0.1455417 0.144575 0 0 0 0 0 0 0 0 0 0 0 0 0 0 0 0 0 0 0 0 0 0 0 0 2 17591.9103 
sw061b003 5 1.0076852 0.3301284 0.32747 0.1841892 0.1658976 0 0 0 0 0 0 0 0 0 0 0 0 0 0 0 0 0 0 0 0 0 0 0 0 3 17594.2991 
sw061b003 5 1.0759 0.5021 0.299075 0.1265833 0.1481417 0 0 0 0 0 0 0 0 0 0 0 0 0 0 0 0 0 0 0 0 0 0 0 0 2 17595.7224 
sw061b003 5 1.009325 0.45665 0.30465 0.1251064 0.1229186 0 0 0 0 0 0 0 0 0 0 0 0 0 0 0 0 0 0 0 0 0 0 0 0 2 17599.8483 
sw061b003 5 1.0168134 0.3311955 0.3209727 0.199284 0.1653612 0 0 0 0 0 0 0 0 0 0 0 0 0 0 0 0 0 0 0 0 0 0 0 0 3 17600.0671 
sw061b003 5 1.05435 0.415075 0.3699583 0.1268334 0.1424833 0 0 0 0 0 0 0 0 0 0 0 0 0 0 0 0 0 0 0 0 0 0 0 0 2 17603.8492 
sw061b003 5 1.0665214 0.3397122 0.3569457 0.1780871 0.1917764 0 0 0 0 0 0 0 0 0 0 0 0 0 0 0 0 0 0 0 0 0 0 0 0 3 17605.8989 
sw061b003 5 1.2720333 0.4677667 0.4247083 0.1835333 0.196025 0 0 0 0 0 0 0 0 0 0 0 0 0 0 0 0 0 0 0 0 0 0 0 0 2 17612.3049 
sw061b003 5 1.1886417 0.4830417 0.3554667 0.16915 0.1809833 0 0 0 0 0 0 0 0 0 0 0 0 0 0 0 0 0 0 0 0 0 0 0 0 2 17616.2023 
sw061b003 5 0.9646059 0.3188083 0.3293 0.166075 0.1504226 0 0 0 0 0 0 0 0 0 0 0 0 0 0 0 0 0 0 0 0 0 0 0 0 2 17618.6685 
sw061b003 5 1.0339047 0.3770802 0.346945 0.1656805 0.144199 0 0 0 0 0 0 0 0 0 0 0 0 0 0 0 0 0 0 0 0 0 0 0 0 2 17622.1567 
sw061b003 5 0.9024082 0.3568086 0.2629743 0.1581586 0.1244624 0 0 0 0 0 0 0 0 0 0 0 0 0 0 0 0 0 0 0 0 0 0 0 0 2 17625.2822 
sw061b003 5 0.932188 0.3188135 0.2849425 0.1729151 0.1555169 0 0 0 0 0 0 0 0 0 0 0 0 0 0 0 0 0 0 0 0 0 0 0 0 2 17629.3525 
sw061b003 5 1.1115677 0.3996896 0.3659479 0.1699275 0.1760027 0 0 0 0 0 0 0 0 0 0 0 0 0 0 0 0 0 0 0 0 0 0 0 0 2 17634.0218 
sw061b003 6 0.9030085 0.2478479 0.2511929 0.1393348 0.1306714 0.1339615 0 0 0 0 0 0 0 0 0 0 0 0 0 0 0 0 0 0 0 0 0 0 0 2 17637.5587 
sw061b003 4 0.7866667 0.1476167 0.3133666 0.3256834 0 0 0 0 0 0 0 0 0 0 0 0 0 0 0 0 0 0 0 0 0 0 0 0 0 2 17648.0443 
sw061b003 5 0.870025 0.289825 0.2914 0.153375 0.135425 0 0 0 0 0 0 0 0 0 0 0 0 0 0 0 0 0 0 0 0 0 0 0 0 2 17655.2211 
sw061b003 10 0.2541916 0.0178583 0.018625 0.0214917 0.0254583 0.0285083 0.03005 0.0310667 0.034925 0.0462083 0 0 0 0 0 0 0 0 0 0 0 0 0 0 0 0 0 0 0 2 17657.5262 
sw061b003 18 0.4993917 0.0262584 0.0383 0.0329333 0.0302333 0.0287167 0.0294 0.0197333 0.0312084 0.0214583 0.0255833 0.0277834 0.0251583 0.0211833 0.0323334 0.02825 0.0364833 0.044375 0 0 0 0 0 0 0 0 0 0 0 2 17659.0433 
sw061b003 15 0.479125 0.0204084 0.022725 0.029 0.0271083 0.0291 0.0302083 0.029575 0.0297834 0.031775 0.032625 0.0351083 0.0380833 0.046 0.077625 0 0 0 0 0 0 0 0 0 0 0 0 0 0 2 17660.9538 
sw061b003 16 0.4538333 0.019875 0.023 0.0221083 0.0268834 0.0258166 0.0278 0.0273834 0.0283333 0.028725 0.0292083 0.0303667 0.0325667 0.035775 0.0413333 0.0546583 0 0 0 0 0 0 0 0 0 0 0 0 0 2 17662.8533 
sw061b003 21 0.591075 0.0344 0.0200038 0.0195237 0.0170796 0.0212096 0.0238416 0.0260167 0.0181833 0.02245 0.0342 0.042625 0.01635 0.032775 0.0415917 0.0408917 0.0422916 0.0414667 0.0344417 0.0256507 0.0360826 0 0 0 0 0 0 0 0 2 17664.4423 
sw061b003 22 0.6425583 0.0661 0.0420333 0.0396417 0.0359833 0.0322667 0.024125 0.0329583 0.0171167 0.0289167 0.024425 0.0261166 0.0207334 0.0201916 0.0232917 0.02335 0.02245 0.0234417 0.0232333 0.0250333 0.0318417 0.0593083 0 0 0 0 0 0 0 2 17666.6001 
sw061b003 29 0.9362583 0.0205083 0.0217583 0.019225 0.0221667 0.02485 0.02355 0.0229917 0.0248333 0.0245 0.02505 0.0254583 0.025625 0.0257834 0.026225 0.0261666 0.0272167 0.0274833 0.0273084 0.029075 0.0289333 0.030025 0.0313667 0.0316166 0.035125 0.03875 0.0442334 0.0530583 0.173375 2 17668.9168 
sw061b003 25 0.636425 0.0320916 0.0111834 0.0304166 0.0234584 0.0193416 0.029075 0.0229917 0.0224083 0.0228417 0.0213833 0.0238584 0.0306916 0.0237584 0.0206416 0.0237167 0.0257417 0.018375 0.047825 0.0190666 0.0183834 0.0181333 0.0193083 0.0242167 0.0875167 0 0 0 0 2 17671.1521 
sw061b003 16 0.5535416 0.0194166 0.0363167 0.0198583 0.0286334 0.0381583 0.0379583 0.0380417 0.0387 0.0379583 0.0429584 0.0505583 0.0533667 0.057375 0.02745 0.0267916 0 0 0 0 0 0 0 0 0 0 0 0 0 2 17673.5008 
sw061b003 22 0.7331667 0.0762583 0.046475 0.0456417 0.0411333 0.0401584 0.0361 0.031325 0.0304 0.0300166 0.028925 0.0277834 0.0269416 0.0273 0.0268667 0.0267833 0.027825 0.0281834 0.0288666 0.0303834 0.03255 0.04325 0 0 0 0 0 0 0 2 17675.3046 
sw061b003 12 0.379965 0.0315734 0.0387416 0.0343834 0.0335083 0.0326917 0.03185 0.0341333 0.0339333 0.0332 0.0344084 0.0415416 0 0 0 0 0 0 0 0 0 0 0 0 0 0 0 0 0 2 17678.1415 
sw061b003 11 1.6191083 0.1931 0.1445 0.217725 0.1382833 0.0852084 0.0793583 0.292475 0.2312417 0.0974833 0.1397333 0 0 0 0 0 0 0 0 0 0 0 0 0 0 0 0 0 0 2 17681.588 
sw061b003 13 0.484725 0.0279166 0.0401667 0.0330667 0.0249666 0.0375834 0.0254916 0.05075 0.0353417 0.0263833 0.0896334 0.0370758 0.0563492 0 0 0 0 0 0 0 0 0 0 0 0 0 0 0 0 2 17684.7257 
sw061b003 5 0.8110917 0.2296667 0.2347667 0.1736666 0.1729917 0 0 0 0 0 0 0 0 0 0 0 0 0 0 0 0 0 0 0 0 0 0 0 0 2 17686.6675 
sw061b003 5 0.7691667 0.2402083 0.2466334 0.1656 0.116725 0 0 0 0 0 0 0 0 0 0 0 0 0 0 0 0 0 0 0 0 0 0 0 0 2 17689.3732 
sw061b003 5 0.6763333 0.2111083 0.2373583 0.1322 0.0956667 0 0 0 0 0 0 0 0 0 0 0 0 0 0 0 0 0 0 0 0 0 0 0 0 2 17692.78 
sw061b003 5 0.8056666 0.2482416 0.2407834 0.163075 0.1535666 0 0 0 0 0 0 0 0 0 0 0 0 0 0 0 0 0 0 0 0 0 0 0 0 2 17695.8827 
sw061b003 11 0.2969 0.0266416 0.0268667 0.03025 0.0278583 0.029775 0.028575 0.02975 0.0292 0.03145 0.0365334 0 0 0 0 0 0 0 0 0 0 0 0 0 0 0 0 0 0 2 17698.426 
sw061b003 21 0.7734917 0.0228473 0.0493027 0.0502167 0.0397417 0.0405583 0.0338833 0.0228167 0.0222333 0.0256834 0.0326333 0.0363583 0.03875 0.0250167 0.0527833 0.0383964 0.0440022 0.0437482 0.0327743 0.0195956 0.10215 0 0 0 0 0 0 0 0 2 17699.7838 
sw061b003 6 0.4860833 0.0644583 0.0841917 0.12185 0.101275 0.1143083 0 0 0 0 0 0 0 0 0 0 0 0 0 0 0 0 0 0 0 0 0 0 0 2 17707.8372 
sw061b003 5 0.8562 0.2860834 0.2781166 0.172875 0.119125 0 0 0 0 0 0 0 0 0 0 0 0 0 0 0 0 0 0 0 0 0 0 0 0 2 17710.5942 
sw061b003 15 0.3890167 0.0196833 0.0408084 0.01885 0.0179083 0.0271 0.030225 0.0258167 0.030525 0.02505 0.0588166 0.0192834 0.01895 0.03145 0.02455 0 0 0 0 0 0 0 0 0 0 0 0 0 0 2 17713.2389 
sw061b003 5 0.6994667 0.2008084 0.2182499 0.1494167 0.1309917 0 0 0 0 0 0 0 0 0 0 0 0 0 0 0 0 0 0 0 0 0 0 0 0 2 17715.2644 
sw061b003 21 0.4405 0.0219084 0.0205422 0.021585 0.0192357 0.0209443 0.0220761 0.0252917 0.0285213 0.0155037 0.0154464 0.0191095 0.0215524 0.0204 0.0203417 0.020525 0.02115 0.0223916 0.0230167 0.0262083 0.03475 0 0 0 0 0 0 0 0 2 17716.875 
sw061b003 5 0.6992917 0.18345 0.22215 0.1548917 0.1388 0 0 0 0 0 0 0 0 0 0 0 0 0 0 0 0 0 0 0 0 0 0 0 0 2 17718.8071 
sw061b003 8 0.3211417 0.041825 0.04585 0.0416083 0.0432917 0.0439333 0.04545 0.0591834 0 0 0 0 0 0 0 0 0 0 0 0 0 0 0 0 0 0 0 0 0 2 17720.453 
sw061b003 5 0.4103917 0.0960167 0.1151667 0.0985916 0.1006167 0 0 0 0 0 0 0 0 0 0 0 0 0 0 0 0 0 0 0 0 0 0 0 0 2 17732.4138 
sw061b003 5 0.2994166 0.0657083 0.0699 0.0766667 0.0871416 0 0 0 0 0 0 0 0 0 0 0 0 0 0 0 0 0 0 0 0 0 0 0 0 2 17734.5846 
sw061b003 13 0.3737638 0.0164732 0.0236097 0.0000067 0.0299183 0.04825 0.0442782 0.0621877 0.0411223 0.0367951 0.0569396 0.0141815 0.0000015 0 0 0 0 0 0 0 0 0 0 0 0 0 0 0 0 2 17736.942 
sw061b003 5 0.846975 0.2599666 0.2786834 0.150075 0.15825 0 0 0 0 0 0 0 0 0 0 0 0 0 0 0 0 0 0 0 0 0 0 0 0 2 17739.1576 
sw061b003 5 1.5519333 0.7368333 0.388 0.206325 0.220775 0 0 0 0 0 0 0 0 0 0 0 0 0 0 0 0 0 0 0 0 0 0 0 0 2 17749.5807 
sw061b003 5 1.2107843 0.4367177 0.4097626 0.1932268 0.1710772 0 0 0 0 0 0 0 0 0 0 0 0 0 0 0 0 0 0 0 0 0 0 0 0 3 17754.0269 
sw061b003 5 0.9694666 0.3225833 0.3039 0.1930417 0.1499416 0 0 0 0 0 0 0 0 0 0 0 0 0 0 0 0 0 0 0 0 0 0 0 0 2 17756.6203 
sw061b003 5 0.8495883 0.2520127 0.2525601 0.1695493 0.1754662 0 0 0 0 0 0 0 0 0 0 0 0 0 0 0 0 0 0 0 0 0 0 0 0 3 17758.7903 
sw061b003 4 0.5831417 0.273875 0.155175 0.1540917 0 0 0 0 0 0 0 0 0 0 0 0 0 0 0 0 0 0 0 0 0 0 0 0 0 2 17760.3426 
sw061b003 5 1.106725 0.412875 0.3541917 0.1803333 0.159325 0 0 0 0 0 0 0 0 0 0 0 0 0 0 0 0 0 0 0 0 0 0 0 0 2 17766.488 
sw061b003 5 0.9964279 0.3477999 0.2967197 0.1783 0.1736083 0 0 0 0 0 0 0 0 0 0 0 0 0 0 0 0 0 0 0 0 0 0 0 0 2 17770.2423 
sw061b003 5 0.7307017 0.1943818 0.2270722 0.154461 0.1547867 0 0 0 0 0 0 0 0 0 0 0 0 0 0 0 0 0 0 0 0 0 0 0 0 3 17772.0553 
sw061b003 4 0.4589666 0.14125 0.1657 0.1520166 0 0 0 0 0 0 0 0 0 0 0 0 0 0 0 0 0 0 0 0 0 0 0 0 0 2 17773.4178 
sw061b003 5 0.8718249 0.3012583 0.2678083 0.1690814 0.1336769 0 0 0 0 0 0 0 0 0 0 0 0 0 0 0 0 0 0 0 0 0 0 0 0 3 17777.0006 
sw061b003 5 0.8898652 0.2814456 0.2722417 0.1722784 0.1638995 0 0 0 0 0 0 0 0 0 0 0 0 0 0 0 0 0 0 0 0 0 0 0 0 2 17780.1264 
sw061b003 4 0.3980313 0.1189161 0.1473687 0.1317465 0 0 0 0 0 0 0 0 0 0 0 0 0 0 0 0 0 0 0 0 0 0 0 0 0 3 17781.6994 
sw061b003 5 0.7442284 0.2498069 0.2064314 0.1699882 0.1180019 0 0 0 0 0 0 0 0 0 0 0 0 0 0 0 0 0 0 0 0 0 0 0 0 2 17784.2851 
sw061b003 4 1.2793416 0.4667259 0.4229259 0.3896898 0 0 0 0 0 0 0 0 0 0 0 0 0 0 0 0 0 0 0 0 0 0 0 0 0 3 17790.9482 
sw061b003 5 0.8394366 0.2827816 0.25222 0.168466 0.135969 0 0 0 0 0 0 0 0 0 0 0 0 0 0 0 0 0 0 0 0 0 0 0 0 2 17792.4512 
sw061b003 5 0.839199 0.2825503 0.2595946 0.1611422 0.1359119 0 0 0 0 0 0 0 0 0 0 0 0 0 0 0 0 0 0 0 0 0 0 0 0 4 17792.6125 
sw061b003 5 1.2916612 0.4638143 0.4401067 0.1847851 0.2029551 0 0 0 0 0 0 0 0 0 0 0 0 0 0 0 0 0 0 0 0 0 0 0 0 3 17795.4201 
sw061b003 6 0.9333205 0.2446271 0.24282 0.1531352 0.1151964 0.1775418 0 0 0 0 0 0 0 0 0 0 0 0 0 0 0 0 0 0 0 0 0 0 0 2 17796.2642 
sw061b003 5 0.7750512 0.2234091 0.2466936 0.1652993 0.1396492 0 0 0 0 0 0 0 0 0 0 0 0 0 0 0 0 0 0 0 0 0 0 0 0 2 17800.2574 
sw061b003 4 1.2829468 0.4614534 0.4389695 0.3825239 0 0 0 0 0 0 0 0 0 0 0 0 0 0 0 0 0 0 0 0 0 0 0 0 0 2 17804.011 
sw061b003 4 1.3217204 0.4803995 0.437384 0.4039369 0 0 0 0 0 0 0 0 0 0 0 0 0 0 0 0 0 0 0 0 0 0 0 0 0 3 17833.9579 
sw061b003 4 1.2581925 0.4541416 0.4179919 0.386059 0 0 0 0 0 0 0 0 0 0 0 0 0 0 0 0 0 0 0 0 0 0 0 0 0 3 17838.795 
sw061b003 4 1.0446083 0.4277083 0.415025 0.201875 0 0 0 0 0 0 0 0 0 0 0 0 0 0 0 0 0 0 0 0 0 0 0 0 0 2 17842.332 
sw061b003 5 1.0411916 0.36495 0.354775 0.1666416 0.154825 0 0 0 0 0 0 0 0 0 0 0 0 0 0 0 0 0 0 0 0 0 0 0 0 2 17845.1938 
sw061b003 4 0.9976645 0.36634 0.3359207 0.2954038 0 0 0 0 0 0 0 0 0 0 0 0 0 0 0 0 0 0 0 0 0 0 0 0 0 3 17848.888 
sw061b003 5 0.9427584 0.3483584 0.3091833 0.1426 0.1426167 0 0 0 0 0 0 0 0 0 0 0 0 0 0 0 0 0 0 0 0 0 0 0 0 2 17849.3173 
sw061b003 4 1.0307062 0.3751205 0.3442623 0.3113234 0 0 0 0 0 0 0 0 0 0 0 0 0 0 0 0 0 0 0 0 0 0 0 0 0 3 17852.8906 
sw061b003 5 0.9585582 0.3383749 0.311175 0.17205 0.1369583 0 0 0 0 0 0 0 0 0 0 0 0 0 0 0 0 0 0 0 0 0 0 0 0 2 17853.3243 
sw061b003 4 1.0468266 0.3884228 0.3428697 0.3155341 0 0 0 0 0 0 0 0 0 0 0 0 0 0 0 0 0 0 0 0 0 0 0 0 0 3 17856.9319 
sw061b003 5 0.9893417 0.3489083 0.338025 0.1511667 0.1512417 0 0 0 0 0 0 0 0 0 0 0 0 0 0 0 0 0 0 0 0 0 0 0 0 2 17857.508 
sw061b003 4 1.0381711 0.3734519 0.3475924 0.3171268 0 0 0 0 0 0 0 0 0 0 0 0 0 0 0 0 0 0 0 0 0 0 0 0 0 3 17860.8608 
sw061b003 5 1.0007 0.35695 0.3321333 0.153475 0.1581417 0 0 0 0 0 0 0 0 0 0 0 0 0 0 0 0 0 0 0 0 0 0 0 0 2 17860.9902 
sw061b003 4 0.9850994 0.3646677 0.3138934 0.3065383 0 0 0 0 0 0 0 0 0 0 0 0 0 0 0 0 0 0 0 0 0 0 0 0 0 3 17863.9711 
sw061b003 5 0.9936333 0.3450166 0.309275 0.1837 0.1556417 0 0 0 0 0 0 0 0 0 0 0 0 0 0 0 0 0 0 0 0 0 0 0 0 2 17864.1962 
sw061b003 4 0.9679894 0.3382268 0.3229783 0.3067843 0 0 0 0 0 0 0 0 0 0 0 0 0 0 0 0 0 0 0 0 0 0 0 0 0 3 17867.3841 
sw061b003 5 1.0004083 0.3584417 0.3069916 0.1726584 0.1623166 0 0 0 0 0 0 0 0 0 0 0 0 0 0 0 0 0 0 0 0 0 0 0 0 2 17867.514 
sw061b003 5 0.998575 0.3473834 0.3188666 0.175025 0.1573 0 0 0 0 0 0 0 0 0 0 0 0 0 0 0 0 0 0 0 0 0 0 0 0 2 17870.8271 
sw061b003 4 0.9693559 0.3525633 0.3224102 0.2943824 0 0 0 0 0 0 0 0 0 0 0 0 0 0 0 0 0 0 0 0 0 0 0 0 0 3 17870.9934 
sw061b003 6 1.16165 0.3603417 0.3465583 0.1468333 0.1372917 0.170625 0 0 0 0 0 0 0 0 0 0 0 0 0 0 0 0 0 0 0 0 0 0 0 2 17874.3473 
sw061b003 4 0.9437294 0.3152548 0.3150498 0.3134248 0 0 0 0 0 0 0 0 0 0 0 0 0 0 0 0 0 0 0 0 0 0 0 0 0 3 17875.6331 
sw061b003 5 0.9816167 0.329225 0.3252167 0.189875 0.1373 0 0 0 0 0 0 0 0 0 0 0 0 0 0 0 0 0 0 0 0 0 0 0 0 2 17878.8825 
sw061b003 4 0.8389211 0.2549744 0.304149 0.2797977 0 0 0 0 0 0 0 0 0 0 0 0 0 0 0 0 0 0 0 0 0 0 0 0 0 3 17879.1677 
sw061b003 5 1.1536815 0.412414 0.3617456 0.181469 0.1980529 0 0 0 0 0 0 0 0 0 0 0 0 0 0 0 0 0 0 0 0 0 0 0 0 4 17880.1492 
sw061b003 5 0.967975 0.428075 0.3053 0.1179333 0.1166667 0 0 0 0 0 0 0 0 0 0 0 0 0 0 0 0 0 0 0 0 0 0 0 0 3 17884.7523 
sw061b003 5 0.8933083 0.3909333 0.2817167 0.1106917 0.1099666 0 0 0 0 0 0 0 0 0 0 0 0 0 0 0 0 0 0 0 0 0 0 0 0 3 17888.552 
sw061b003 5 0.982675 0.4190833 0.2853167 0.1419083 0.1363667 0 0 0 0 0 0 0 0 0 0 0 0 0 0 0 0 0 0 0 0 0 0 0 0 3 17892.3628 
sw061b003 6 1.0093334 0.3875084 0.2280083 0.120625 0.1123167 0.160875 0 0 0 0 0 0 0 0 0 0 0 0 0 0 0 0 0 0 0 0 0 0 0 3 17896.1935 
sw061b003 4 1.3306083 0.4836666 0.4397667 0.407175 0 0 0 0 0 0 0 0 0 0 0 0 0 0 0 0 0 0 0 0 0 0 0 0 0 2 17920.6427 
sw061b003 5 1.2715251 0.4839208 0.4515972 0.1658237 0.1701834 0 0 0 0 0 0 0 0 0 0 0 0 0 0 0 0 0 0 0 0 0 0 0 0 3 17924.9517 
sw061b003 4 1.2399667 0.453025 0.4109217 0.37602 0 0 0 0 0 0 0 0 0 0 0 0 0 0 0 0 0 0 0 0 0 0 0 0 0 2 17925.0346 
sw061b003 4 1.2412997 0.4528001 0.4048939 0.3836057 0 0 0 0 0 0 0 0 0 0 0 0 0 0 0 0 0 0 0 0 0 0 0 0 0 2 17929.0024 
sw061b003 5 1.2374201 0.4659145 0.45712 0.1423638 0.1720218 0 0 0 0 0 0 0 0 0 0 0 0 0 0 0 0 0 0 0 0 0 0 0 0 3 17929.0396 
sw061b003 4 1.2438323 0.4469102 0.4114459 0.3854762 0 0 0 0 0 0 0 0 0 0 0 0 0 0 0 0 0 0 0 0 0 0 0 0 0 2 17933.2418 
sw061b003 4 1.2144846 0.4457325 0.3974552 0.3712969 0 0 0 0 0 0 0 0 0 0 0 0 0 0 0 0 0 0 0 0 0 0 0 0 0 2 17938.6894 
sw061b003 4 1.2944968 0.4617584 0.4748784 0.35786 0 0 0 0 0 0 0 0 0 0 0 0 0 0 0 0 0 0 0 0 0 0 0 0 0 2 17943.6483 
sw061b003 5 1.1774584 0.4299434 0.3896567 0.1808967 0.1769616 0 0 0 0 0 0 0 0 0 0 0 0 0 0 0 0 0 0 0 0 0 0 0 0 3 17943.7653 
sw061b003 5 1.3156882 0.4738469 0.4563633 0.1920194 0.1934586 0 0 0 0 0 0 0 0 0 0 0 0 0 0 0 0 0 0 0 0 0 0 0 0 3 17947.5472 
sw061b003 4 1.1520972 0.4173268 0.3808983 0.3538721 0 0 0 0 0 0 0 0 0 0 0 0 0 0 0 0 0 0 0 0 0 0 0 0 0 2 17948.1117 
sw061b003 5 1.3007936 0.4765773 0.4429075 0.1873926 0.1939162 0 0 0 0 0 0 0 0 0 0 0 0 0 0 0 0 0 0 0 0 0 0 0 0 3 17951.3709 
sw061b003 4 1.1395 0.4110667 0.3862917 0.3421416 0 0 0 0 0 0 0 0 0 0 0 0 0 0 0 0 0 0 0 0 0 0 0 0 0 2 17952.1452 
sw061b003 5 1.3064212 0.4622789 0.4517427 0.2041665 0.1882331 0 0 0 0 0 0 0 0 0 0 0 0 0 0 0 0 0 0 0 0 0 0 0 0 3 17955.0622 
sw061b003 5 1.2558844 0.4509658 0.4448359 0.176162 0.1839207 0 0 0 0 0 0 0 0 0 0 0 0 0 0 0 0 0 0 0 0 0 0 0 0 3 17958.7901 
sw061b003 4 1.2510656 0.4549337 0.42358 0.3725519 0 0 0 0 0 0 0 0 0 0 0 0 0 0 0 0 0 0 0 0 0 0 0 0 0 2 17960.499 
sw061b003 4 1.22265 0.4340584 0.407975 0.3806166 0 0 0 0 0 0 0 0 0 0 0 0 0 0 0 0 0 0 0 0 0 0 0 0 0 2 17964.9893 
sw061b003 5 1.3988667 0.5087916 0.4642084 0.2259833 0.1998834 0 0 0 0 0 0 0 0 0 0 0 0 0 0 0 0 0 0 0 0 0 0 0 0 2 17980.5612 
sw061b003 5 1.3748096 0.4818512 0.4573552 0.2218151 0.2137881 0 0 0 0 0 0 0 0 0 0 0 0 0 0 0 0 0 0 0 0 0 0 0 0 2 17984.5853 
sw061b003 7 1.5722166 0.4832729 0.4085734 0.1386285 0.1454306 0.1636385 0.2326727 0 0 0 0 0 0 0 0 0 0 0 0 0 0 0 0 0 0 0 0 0 0 3 17985.0412 
sw061b003 5 1.2989721 0.438375 0.4663992 0.1815213 0.2126766 0 0 0 0 0 0 0 0 0 0 0 0 0 0 0 0 0 0 0 0 0 0 0 0 2 17989.2928 
sw061b003 7 1.3201 0.4378084 0.2694557 0.1006073 0.1970348 0.1414558 0.173738 0 0 0 0 0 0 0 0 0 0 0 0 0 0 0 0 0 0 0 0 0 0 3 17989.6718 
sw061b003 5 1.2366583 0.4207666 0.4399084 0.1824 0.1935833 0 0 0 0 0 0 0 0 0 0 0 0 0 0 0 0 0 0 0 0 0 0 0 0 2 17994.2313 
sw061b003 9 1.7874624 0.4463684 0.344768 0.1615491 0.1184964 0.1441922 0.1432769 0.1612326 0.2675788 0 0 0 0 0 0 0 0 0 0 0 0 0 0 0 0 0 0 0 0 3 17999.0381 
sw061b003 7 1.4383683 0.4647359 0.3916608 0.1153506 0.1432366 0.1562186 0.1671658 0 0 0 0 0 0 0 0 0 0 0 0 0 0 0 0 0 0 0 0 0 0 2 17999.2226 
sw061b003 4 1.1263083 0.3811917 0.3788749 0.3662417 0 0 0 0 0 0 0 0 0 0 0 0 0 0 0 0 0 0 0 0 0 0 0 0 0 2 18009.9515 
sw061b003 21 1.0550589 0.0379532 0.0388747 0.0357999 0.0435881 0.0422181 0.0458563 0.0446831 0.0425998 0.0406514 0.0401198 0.0392631 0.0387248 0.0396731 0.0469263 0.0393715 0.0500081 0.0555896 0.0605447 0.1017544 0.1708589 0 0 0 0 0 0 0 0 3 18013.7115 
sw061b003 4 1.0402583 0.3511166 0.3493834 0.3397583 0 0 0 0 0 0 0 0 0 0 0 0 0 0 0 0 0 0 0 0 0 0 0 0 0 2 18013.9373 
sw061b003 21 1.12595 0.0354 0.0375917 0.0460083 0.0466333 0.0472834 0.0448917 0.042625 0.0400583 0.0399583 0.0385 0.0383 0.0384583 0.0389834 0.0409583 0.0461667 0.0495333 0.0588584 0.0737166 0.1358834 0.1861416 0 0 0 0 0 0 0 0 3 18018.3157 
sw061b003 4 1.1077092 0.3856357 0.3747193 0.3473542 0 0 0 0 0 0 0 0 0 0 0 0 0 0 0 0 0 0 0 0 0 0 0 0 0 2 18022.0593 
sw061b003 4 1.0568707 0.3627064 0.3486625 0.3455018 0 0 0 0 0 0 0 0 0 0 0 0 0 0 0 0 0 0 0 0 0 0 0 0 0 2 18025.8308 
sw061b003 5 0.9490994 0.3336531 0.3060798 0.1638682 0.1454983 0 0 0 0 0 0 0 0 0 0 0 0 0 0 0 0 0 0 0 0 0 0 0 0 3 18029.1899 
sw061b003 4 0.9265994 0.2855848 0.3059265 0.3350881 0 0 0 0 0 0 0 0 0 0 0 0 0 0 0 0 0 0 0 0 0 0 0 0 0 2 18029.2706 
sw061b003 5 0.8413295 0.2644403 0.2710488 0.1666212 0.1392192 0 0 0 0 0 0 0 0 0 0 0 0 0 0 0 0 0 0 0 0 0 0 0 0 3 18032.9279 
sw061b003 5 0.8518963 0.2679899 0.2658813 0.1829639 0.1350612 0 0 0 0 0 0 0 0 0 0 0 0 0 0 0 0 0 0 0 0 0 0 0 0 2 18036.8289 
sw061b003 5 0.8233084 0.2193667 0.2847167 0.1778583 0.1413667 0 0 0 0 0 0 0 0 0 0 0 0 0 0 0 0 0 0 0 0 0 0 0 0 1 18038.3308 
sw061b003 5 0.8468197 0.2610205 0.2661104 0.1660851 0.1536037 0 0 0 0 0 0 0 0 0 0 0 0 0 0 0 0 0 0 0 0 0 0 0 0 2 18040.0928 
sw061b003 6 0.6538 0.0987916 0.1548667 0.1603083 0.1188417 0.1209917 0 0 0 0 0 0 0 0 0 0 0 0 0 0 0 0 0 0 0 0 0 0 0 1 18040.1425 
sw061b003 5 0.811225 0.2653333 0.2543834 0.159375 0.1321333 0 0 0 0 0 0 0 0 0 0 0 0 0 0 0 0 0 0 0 0 0 0 0 0 1 18044.7744 
sw061b003 5 0.8906529 0.2773185 0.2835809 0.1791604 0.1505931 0 0 0 0 0 0 0 0 0 0 0 0 0 0 0 0 0 0 0 0 0 0 0 0 2 18046.8258 
sw061b003 5 0.8199334 0.2755084 0.2465 0.1573083 0.1406167 0 0 0 0 0 0 0 0 0 0 0 0 0 0 0 0 0 0 0 0 0 0 0 0 1 18048.3457 
sw061b003 5 0.8053276 0.239662 0.2608377 0.1637018 0.1411261 0 0 0 0 0 0 0 0 0 0 0 0 0 0 0 0 0 0 0 0 0 0 0 0 3 18048.718 
sw061b003 5 0.884431 0.2794844 0.2753845 0.1912248 0.1383373 0 0 0 0 0 0 0 0 0 0 0 0 0 0 0 0 0 0 0 0 0 0 0 0 2 18051.0889 
sw061b003 5 0.7385334 0.2465417 0.2381667 0.127925 0.1259 0 0 0 0 0 0 0 0 0 0 0 0 0 0 0 0 0 0 0 0 0 0 0 0 1 18052.1039 
sw061b003 5 0.7804057 0.2403849 0.2440023 0.1580444 0.1379741 0 0 0 0 0 0 0 0 0 0 0 0 0 0 0 0 0 0 0 0 0 0 0 0 3 18052.2 
sw061b003 5 0.9389727 0.3051428 0.2947286 0.1844202 0.1546811 0 0 0 0 0 0 0 0 0 0 0 0 0 0 0 0 0 0 0 0 0 0 0 0 2 18055.6333 
sw061b003 5 0.8098139 0.2572397 0.2324814 0.1656061 0.1544867 0 0 0 0 0 0 0 0 0 0 0 0 0 0 0 0 0 0 0 0 0 0 0 0 3 18055.8564 
sw061b003 5 0.7753499 0.2531619 0.2548131 0.1319666 0.1354083 0 0 0 0 0 0 0 0 0 0 0 0 0 0 0 0 0 0 0 0 0 0 0 0 1 18056.3061 
sw061b003 5 0.9239879 0.2980469 0.2915138 0.1841473 0.1502799 0 0 0 0 0 0 0 0 0 0 0 0 0 0 0 0 0 0 0 0 0 0 0 0 2 18059.3572 
sw061b003 5 0.7822593 0.2217468 0.2410827 0.192003 0.1274268 0 0 0 0 0 0 0 0 0 0 0 0 0 0 0 0 0 0 0 0 0 0 0 0 3 18059.5202 
sw061b003 5 0.8037417 0.2642501 0.2584277 0.1446693 0.1363946 0 0 0 0 0 0 0 0 0 0 0 0 0 0 0 0 0 0 0 0 0 0 0 0 1 18059.6621 
sw061b003 5 0.5168987 0.0998743 0.1201296 0.1307032 0.1661916 0 0 0 0 0 0 0 0 0 0 0 0 0 0 0 0 0 0 0 0 0 0 0 0 4 18061.4645 
sw061b003 5 0.759978 0.2143041 0.2226308 0.2010365 0.1220066 0 0 0 0 0 0 0 0 0 0 0 0 0 0 0 0 0 0 0 0 0 0 0 0 3 18063.1432 
sw061b003 5 0.9572636 0.3149259 0.3078935 0.1856193 0.1488249 0 0 0 0 0 0 0 0 0 0 0 0 0 0 0 0 0 0 0 0 0 0 0 0 2 18063.1584 
sw061b003 5 0.7971833 0.2778167 0.2447583 0.15305 0.1215583 0 0 0 0 0 0 0 0 0 0 0 0 0 0 0 0 0 0 0 0 0 0 0 0 1 18063.2586 
sw061b003 5 0.4068863 0.0867879 0.1121108 0.1089024 0.0990852 0 0 0 0 0 0 0 0 0 0 0 0 0 0 0 0 0 0 0 0 0 0 0 0 4 18065.0564 
sw061b003 6 0.2401333 0.0648 0.0500667 0.0476166 0.0399334 0.0377166 0 0 0 0 0 0 0 0 0 0 0 0 0 0 0 0 0 0 0 0 0 0 0 3 18828.4989 
sw061b003 5 0.3156306 0.1013512 0.0793561 0.0646143 0.070309 0 0 0 0 0 0 0 0 0 0 0 0 0 0 0 0 0 0 0 0 0 0 0 0 3 18835.2866 
sw061b003 5 0.2848839 0.1018803 0.0762103 0.0594778 0.0473155 0 0 0 0 0 0 0 0 0 0 0 0 0 0 0 0 0 0 0 0 0 0 0 0 3 18840.1692 
sw061b003 6 0.394275 0.0870917 0.0971166 0.0742084 0.061675 0.0741833 0 0 0 0 0 0 0 0 0 0 0 0 0 0 0 0 0 0 0 0 0 0 0 2 18841.4839 
sw061b003 5 0.3181916 0.1058416 0.0885084 0.0625 0.0613416 0 0 0 0 0 0 0 0 0 0 0 0 0 0 0 0 0 0 0 0 0 0 0 0 2 18845.5093 
sw061b003 5 0.3642508 0.0915311 0.0754399 0.1198109 0.0774689 0 0 0 0 0 0 0 0 0 0 0 0 0 0 0 0 0 0 0 0 0 0 0 0 3 18847.1653 
sw061b003 5 0.3535667 0.1162917 0.1002916 0.0680417 0.0689417 0 0 0 0 0 0 0 0 0 0 0 0 0 0 0 0 0 0 0 0 0 0 0 0 2 18847.3693 
sw061b003 5 0.7230583 0.1843083 0.23495 0.1780917 0.1257083 0 0 0 0 0 0 0 0 0 0 0 0 0 0 0 0 0 0 0 0 0 0 0 0 1 18852.6096 
sw061b003 5 0.3576529 0.0847274 0.080579 0.0733824 0.1189641 0 0 0 0 0 0 0 0 0 0 0 0 0 0 0 0 0 0 0 0 0 0 0 0 3 18852.7393 
sw061b003 5 0.7106333 0.204425 0.2308416 0.1532084 0.1221583 0 0 0 0 0 0 0 0 0 0 0 0 0 0 0 0 0 0 0 0 0 0 0 0 1 18857.5693 
sw061b003 5 0.7559666 0.2186416 0.2440825 0.1557509 0.1374916 0 0 0 0 0 0 0 0 0 0 0 0 0 0 0 0 0 0 0 0 0 0 0 0 1 18861.5882 
sw061b003 5 0.7525667 0.229725 0.2353104 0.1624023 0.125129 0 0 0 0 0 0 0 0 0 0 0 0 0 0 0 0 0 0 0 0 0 0 0 0 1 18865.9903 
sw061b003 5 0.3224628 0.1033104 0.0884382 0.0701724 0.0605418 0 0 0 0 0 0 0 0 0 0 0 0 0 0 0 0 0 0 0 0 0 0 0 0 3 18866.339 
sw061b003 5 0.2937071 0.0889401 0.082919 0.0633815 0.0584665 0 0 0 0 0 0 0 0 0 0 0 0 0 0 0 0 0 0 0 0 0 0 0 0 3 18870.7982 
sw061b003 5 0.7440083 0.220571 0.239104 0.1622416 0.1220917 0 0 0 0 0 0 0 0 0 0 0 0 0 0 0 0 0 0 0 0 0 0 0 0 1 18870.8272 
sw061b003 5 0.7468167 0.229253 0.2453887 0.1494667 0.1227083 0 0 0 0 0 0 0 0 0 0 0 0 0 0 0 0 0 0 0 0 0 0 0 0 1 18875.6302 
sw061b003 5 0.3429199 0.0906466 0.0998603 0.0821941 0.0702189 0 0 0 0 0 0 0 0 0 0 0 0 0 0 0 0 0 0 0 0 0 0 0 0 3 18875.6999 
sw061b003 5 0.321132 0.1038642 0.0753097 0.0679546 0.0739999 0 0 0 0 0 0 0 0 0 0 0 0 0 0 0 0 0 0 0 0 0 0 0 0 3 18882.3648 
sw061b003 5 0.3543334 0.0925417 0.0943 0.0732333 0.0942584 0 0 0 0 0 0 0 0 0 0 0 0 0 0 0 0 0 0 0 0 0 0 0 0 3 18886.8609 
sw061b003 5 0.3047 0.085275 0.0880417 0.0633 0.0680833 0 0 0 0 0 0 0 0 0 0 0 0 0 0 0 0 0 0 0 0 0 0 0 0 2 18890.6868 
sw061b003 5 0.3162975 0.0969061 0.0763487 0.0680787 0.074964 0 0 0 0 0 0 0 0 0 0 0 0 0 0 0 0 0 0 0 0 0 0 0 0 3 18890.7501 
sw061b003 5 0.3258673 0.095522 0.0917428 0.0723355 0.066263 0 0 0 0 0 0 0 0 0 0 0 0 0 0 0 0 0 0 0 0 0 0 0 0 3 18894.4663 
sw061b003 5 0.3224917 0.1149 0.0776167 0.0681583 0.0618167 0 0 0 0 0 0 0 0 0 0 0 0 0 0 0 0 0 0 0 0 0 0 0 0 2 18894.809 
sw061b003 5 0.3180676 0.0966212 0.0815812 0.0707911 0.0690741 0 0 0 0 0 0 0 0 0 0 0 0 0 0 0 0 0 0 0 0 0 0 0 0 3 18898.0837 
sw061b003 6 0.408925 0.0955333 0.0871417 0.068825 0.063725 0.0937 0 0 0 0 0 0 0 0 0 0 0 0 0 0 0 0 0 0 0 0 0 0 0 2 18898.2867 
sw061b003 5 0.361344 0.1231428 0.0967562 0.0717892 0.0696558 0 0 0 0 0 0 0 0 0 0 0 0 0 0 0 0 0 0 0 0 0 0 0 0 3 18902.5151 
sw061b003 5 0.308275 0.0709584 0.0877333 0.0727 0.0768833 0 0 0 0 0 0 0 0 0 0 0 0 0 0 0 0 0 0 0 0 0 0 0 0 2 18903.0515 
sw061b003 5 0.3498833 0.1245416 0.0837834 0.0658666 0.0756917 0 0 0 0 0 0 0 0 0 0 0 0 0 0 0 0 0 0 0 0 0 0 0 0 2 18908.2437 
sw061b003 5 0.3491084 0.1131 0.1002 0.0702084 0.0656 0 0 0 0 0 0 0 0 0 0 0 0 0 0 0 0 0 0 0 0 0 0 0 0 2 18916.1612 
sw061b003 5 0.2872924 0.0770277 0.0766455 0.0712063 0.0624101 0 0 0 0 0 0 0 0 0 0 0 0 0 0 0 0 0 0 0 0 0 0 0 0 3 18920.4222 
sw061b003 5 0.3411 0.1082417 0.0909917 0.0684583 0.0734083 0 0 0 0 0 0 0 0 0 0 0 0 0 0 0 0 0 0 0 0 0 0 0 0 2 18921.9169 
sw061b003 6 0.3357 0.07265 0.0755333 0.0683667 0.0561083 0.0630417 0 0 0 0 0 0 0 0 0 0 0 0 0 0 0 0 0 0 0 0 0 0 0 4 18932.7145 
sw061b003 5 0.2708833 0.0721186 0.0729836 0.0638458 0.0619353 0 0 0 0 0 0 0 0 0 0 0 0 0 0 0 0 0 0 0 0 0 0 0 0 5 18943.5049 
sw061b003 12 0.3813 0.037075 0.028375 0.0336666 0.0293167 0.0268 0.0286417 0.030175 0.032175 0.034825 0.044175 0.056075 0 0 0 0 0 0 0 0 0 0 0 0 0 0 0 0 0 5 18954.824 
sw061b003 12 0.35405 0.0336416 0.03065 0.0321417 0.0310083 0.0312417 0.02825 0.0268333 0.0279417 0.0300083 0.0361917 0.0461417 0 0 0 0 0 0 0 0 0 0 0 0 0 0 0 0 0 5 18959.0324 
sw061b003 10 0.359025 0.0380084 0.0398 0.041225 0.036275 0.0388833 0.0367667 0.0382333 0.040375 0.0494583 0 0 0 0 0 0 0 0 0 0 0 0 0 0 0 0 0 0 0 5 18963.7469 
sw061b003 9 0.3483833 0.0401822 0.0386344 0.0469 0.0439917 0.0438167 0.0419666 0.0431834 0.0497083 0 0 0 0 0 0 0 0 0 0 0 0 0 0 0 0 0 0 0 0 5 18974.6204 
sw061b003 5 0.2895834 0.0835667 0.0772917 0.0662166 0.0625084 0 0 0 0 0 0 0 0 0 0 0 0 0 0 0 0 0 0 0 0 0 0 0 0 2 18997.9662 
sw061b003 6 1.4477917 0.4857833 0.4252667 0.1939667 0.1367416 0.2060334 0 0 0 0 0 0 0 0 0 0 0 0 0 0 0 0 0 0 0 0 0 0 0 2 21499.5302 
sw061b003 8 1.5725584 0.4533334 0.3329916 0.1569417 0.1100333 0.159375 0.1430084 0.216875 0 0 0 0 0 0 0 0 0 0 0 0 0 0 0 0 0 0 0 0 0 2 21506.5554 
sw061b003 6 0.3808083 0.1034666 0.0926167 0.0697417 0.0570916 0.0578917 0 0 0 0 0 0 0 0 0 0 0 0 0 0 0 0 0 0 0 0 0 0 0 1 22144.4934 
sw061b003 5 0.3256583 0.1043083 0.0841167 0.0665333 0.0707 0 0 0 0 0 0 0 0 0 0 0 0 0 0 0 0 0 0 0 0 0 0 0 0 1 22149.1858 
sw061b003 5 0.3152833 0.106425 0.0894833 0.063075 0.0563 0 0 0 0 0 0 0 0 0 0 0 0 0 0 0 0 0 0 0 0 0 0 0 0 1 22153.8902 
sw061b003 5 0.3938 0.13955 0.0981834 0.0617083 0.0943583 0 0 0 0 0 0 0 0 0 0 0 0 0 0 0 0 0 0 0 0 0 0 0 0 1 22168.3197 
sw061b003 5 0.3229417 0.099475 0.0890667 0.0715166 0.0628834 0 0 0 0 0 0 0 0 0 0 0 0 0 0 0 0 0 0 0 0 0 0 0 0 1 22175.3906 
sw061b003 5 0.3348083 0.1064833 0.0854334 0.0698583 0.0730333 0 0 0 0 0 0 0 0 0 0 0 0 0 0 0 0 0 0 0 0 0 0 0 0 1 22180.5536 
sw061b003 3 0.328725 0.2401584 0.0885666 0 0 0 0 0 0 0 0 0 0 0 0 0 0 0 0 0 0 0 0 0 0 0 0 0 0 2 22196.3698 
sw061b003 5 0.3397333 0.1067666 0.0898417 0.0730417 0.0700833 0 0 0 0 0 0 0 0 0 0 0 0 0 0 0 0 0 0 0 0 0 0 0 0 1 22200.4689 
sw061b003 3 0.2986611 0.2061641 0.092497 0 0 0 0 0 0 0 0 0 0 0 0 0 0 0 0 0 0 0 0 0 0 0 0 0 0 2 22200.9276 
sw061b003 3 0.2977084 0.1910167 0.1066917 0 0 0 0 0 0 0 0 0 0 0 0 0 0 0 0 0 0 0 0 0 0 0 0 0 0 2 22205.394 
sw061b003 5 0.3118166 0.0910166 0.090075 0.0700167 0.0607083 0 0 0 0 0 0 0 0 0 0 0 0 0 0 0 0 0 0 0 0 0 0 0 0 1 22209.2206 
sw061b003 5 0.5073814 0.128282 0.1706518 0.0816263 0.1268213 0 0 0 0 0 0 0 0 0 0 0 0 0 0 0 0 0 0 0 0 0 0 0 0 2 22209.7014 
sw061b003 5 0.335275 0.0929 0.094925 0.0753417 0.0721083 0 0 0 0 0 0 0 0 0 0 0 0 0 0 0 0 0 0 0 0 0 0 0 0 1 22218.1177 
sw061b003 3 0.2923125 0.1978972 0.0944153 0 0 0 0 0 0 0 0 0 0 0 0 0 0 0 0 0 0 0 0 0 0 0 0 0 0 2 22222.5757 
sw061b003 3 0.2982791 0.1940388 0.1042403 0 0 0 0 0 0 0 0 0 0 0 0 0 0 0 0 0 0 0 0 0 0 0 0 0 0 2 22227.4363 
