sw061b002_13901 5 1.33315 0.4897833 0.4421242 0.1913425 0.2099 0 0 0 0 0 0 0 0 0 0 0 0 0 0 0 0 0 0 0 0 0 0 0 0 1 13903.2977 
sw061b002_13901 5 1.3010083 0.4768833 0.4556417 0.1768083 0.191675 0 0 0 0 0 0 0 0 0 0 0 0 0 0 0 0 0 0 0 0 0 0 0 0 1 13907.3945 
sw061b002_13901 4 1.1890122 0.4398033 0.3973141 0.3518948 0 0 0 0 0 0 0 0 0 0 0 0 0 0 0 0 0 0 0 0 0 0 0 0 0 2 13907.6475 
sw061b002_13901 5 1.2425167 0.446975 0.436925 0.1664667 0.19215 0 0 0 0 0 0 0 0 0 0 0 0 0 0 0 0 0 0 0 0 0 0 0 0 1 13911.0156 
sw061b002_13901 4 1.2047948 0.4423273 0.4079064 0.3545611 0 0 0 0 0 0 0 0 0 0 0 0 0 0 0 0 0 0 0 0 0 0 0 0 0 2 13911.5114 
sw061b002_13901 5 1.2543334 0.4575584 0.4175666 0.1742417 0.2049667 0 0 0 0 0 0 0 0 0 0 0 0 0 0 0 0 0 0 0 0 0 0 0 0 1 13914.6132 
sw061b002_13901 4 1.2292841 0.4532333 0.4105721 0.3654787 0 0 0 0 0 0 0 0 0 0 0 0 0 0 0 0 0 0 0 0 0 0 0 0 0 2 13915.2093 
sw061b002_13901 5 1.2430583 0.462625 0.4194977 0.1727606 0.188175 0 0 0 0 0 0 0 0 0 0 0 0 0 0 0 0 0 0 0 0 0 0 0 0 1 13918.3486 
sw061b002_13901 4 1.2392304 0.4437905 0.4299241 0.3655158 0 0 0 0 0 0 0 0 0 0 0 0 0 0 0 0 0 0 0 0 0 0 0 0 0 2 13918.7901 
sw061b002_13901 5 1.2504167 0.4514584 0.4231916 0.180675 0.1950917 0 0 0 0 0 0 0 0 0 0 0 0 0 0 0 0 0 0 0 0 0 0 0 0 1 13922.022 
sw061b002_13901 4 1.1982432 0.4438053 0.393231 0.3612069 0 0 0 0 0 0 0 0 0 0 0 0 0 0 0 0 0 0 0 0 0 0 0 0 0 2 13922.4083 
sw061b002_13901 5 1.1967584 0.45535 0.405375 0.1470667 0.1889667 0 0 0 0 0 0 0 0 0 0 0 0 0 0 0 0 0 0 0 0 0 0 0 0 1 13925.6715 
sw061b002_13901 4 1.2327404 0.4599421 0.4113278 0.3614705 0 0 0 0 0 0 0 0 0 0 0 0 0 0 0 0 0 0 0 0 0 0 0 0 0 2 13926.0273 
sw061b002_13901 5 1.1905666 0.423275 0.4041333 0.1797417 0.1834166 0 0 0 0 0 0 0 0 0 0 0 0 0 0 0 0 0 0 0 0 0 0 0 0 1 13929.0972 
