sw061b002_11093 8 0.3754055 0.0436771 0.0515491 0.0467726 0.0498422 0.0513104 0.0605112 0.0717429 0 0 0 0 0 0 0 0 0 0 0 0 0 0 0 0 0 0 0 0 0 2 11100.4533 
sw061b002_11093 9 0.386181 0.0490913 0.0439831 0.0407464 0.0396547 0.0443631 0.0472248 0.055303 0.0658146 0 0 0 0 0 0 0 0 0 0 0 0 0 0 0 0 0 0 0 0 2 11105.651 
sw061b002_11093 5 0.3293314 0.0775045 0.1015195 0.0822228 0.0680846 0 0 0 0 0 0 0 0 0 0 0 0 0 0 0 0 0 0 0 0 0 0 0 0 1 11106.0341 
sw061b002_11093 3 0.2704286 0.1725675 0.0978611 0 0 0 0 0 0 0 0 0 0 0 0 0 0 0 0 0 0 0 0 0 0 0 0 0 0 2 11111.2142 
sw061b002_11093 5 0.317 0.0889667 0.0901416 0.06785 0.0700417 0 0 0 0 0 0 0 0 0 0 0 0 0 0 0 0 0 0 0 0 0 0 0 0 1 11114.3228 
sw061b002_11093 3 0.3606061 0.2220769 0.1385292 0 0 0 0 0 0 0 0 0 0 0 0 0 0 0 0 0 0 0 0 0 0 0 0 0 0 2 11118.0943 
sw061b002_11093 5 0.3385 0.0976666 0.0924917 0.070975 0.0773667 0 0 0 0 0 0 0 0 0 0 0 0 0 0 0 0 0 0 0 0 0 0 0 0 1 11118.479 
sw061b002_11093 3 0.342827 0.2155835 0.1272435 0 0 0 0 0 0 0 0 0 0 0 0 0 0 0 0 0 0 0 0 0 0 0 0 0 0 2 11122.2787 
sw061b002_11093 5 0.767025 0.2278166 0.2348667 0.1774667 0.126875 0 0 0 0 0 0 0 0 0 0 0 0 0 0 0 0 0 0 0 0 0 0 0 0 1 11122.4273 
sw061b002_11093 5 0.7648167 0.2258083 0.2428667 0.1700583 0.1260834 0 0 0 0 0 0 0 0 0 0 0 0 0 0 0 0 0 0 0 0 0 0 0 0 1 11126.6117 
sw061b002_11093 3 0.3155375 0.1839655 0.131572 0 0 0 0 0 0 0 0 0 0 0 0 0 0 0 0 0 0 0 0 0 0 0 0 0 0 2 11127.0379 
sw061b002_11093 5 0.77085 0.2306583 0.246525 0.16865 0.1250167 0 0 0 0 0 0 0 0 0 0 0 0 0 0 0 0 0 0 0 0 0 0 0 0 1 11131.0594 
sw061b002_11093 3 0.31467 0.1871655 0.1275045 0 0 0 0 0 0 0 0 0 0 0 0 0 0 0 0 0 0 0 0 0 0 0 0 0 0 2 11131.14 
sw061b002_11093 5 0.78275 0.2327583 0.2599583 0.1624417 0.1275917 0 0 0 0 0 0 0 0 0 0 0 0 0 0 0 0 0 0 0 0 0 0 0 0 1 11135.6415 
sw061b002_11093 5 0.7545333 0.2130666 0.2494584 0.1660083 0.126 0 0 0 0 0 0 0 0 0 0 0 0 0 0 0 0 0 0 0 0 0 0 0 0 1 11139.9926 
sw061b002_11093 3 0.3061899 0.1924319 0.113758 0 0 0 0 0 0 0 0 0 0 0 0 0 0 0 0 0 0 0 0 0 0 0 0 0 0 2 11140.356 
sw061b002_11093 5 0.736125 0.21465 0.2326083 0.166275 0.1225917 0 0 0 0 0 0 0 0 0 0 0 0 0 0 0 0 0 0 0 0 0 0 0 0 1 11144.2495 
sw061b002_11093 3 0.3092805 0.1906262 0.1186543 0 0 0 0 0 0 0 0 0 0 0 0 0 0 0 0 0 0 0 0 0 0 0 0 0 0 2 11144.3018 
sw061b002_11093 3 0.3091536 0.1920054 0.1171482 0 0 0 0 0 0 0 0 0 0 0 0 0 0 0 0 0 0 0 0 0 0 0 0 0 0 2 11148.7718 
sw061b002_11093 3 0.3054025 0.1935623 0.1118402 0 0 0 0 0 0 0 0 0 0 0 0 0 0 0 0 0 0 0 0 0 0 0 0 0 0 2 11153.4221 
sw061b002_11093 3 0.3247742 0.1947898 0.1299844 0 0 0 0 0 0 0 0 0 0 0 0 0 0 0 0 0 0 0 0 0 0 0 0 0 0 2 11157.5662 
sw061b002_11093 6 0.4052417 0.0815834 0.1130889 0.0733361 0.0660666 0.0711667 0 0 0 0 0 0 0 0 0 0 0 0 0 0 0 0 0 0 0 0 0 0 0 1 11161.0555 
sw061b002_11093 3 0.3006949 0.1786662 0.1220287 0 0 0 0 0 0 0 0 0 0 0 0 0 0 0 0 0 0 0 0 0 0 0 0 0 0 2 11161.2533 
sw061b002_11093 3 0.2877339 0.1851635 0.1025704 0 0 0 0 0 0 0 0 0 0 0 0 0 0 0 0 0 0 0 0 0 0 0 0 0 0 2 11165.1514 
sw061b002_11093 5 0.344225 0.1130917 0.0955083 0.0713 0.064325 0 0 0 0 0 0 0 0 0 0 0 0 0 0 0 0 0 0 0 0 0 0 0 0 1 11166.2832 
sw061b002_11093 5 0.3446167 0.105225 0.0946834 0.0684833 0.076225 0 0 0 0 0 0 0 0 0 0 0 0 0 0 0 0 0 0 0 0 0 0 0 0 1 11171.0949 
sw061b002_11093 5 0.3394666 0.0817916 0.102475 0.0790667 0.0761333 0 0 0 0 0 0 0 0 0 0 0 0 0 0 0 0 0 0 0 0 0 0 0 0 1 11175.911 
sw061b002_11093 5 0.3693083 0.113075 0.10895 0.0743916 0.0728917 0 0 0 0 0 0 0 0 0 0 0 0 0 0 0 0 0 0 0 0 0 0 0 0 1 11180.9244 
sw061b002_11093 5 0.3288833 0.0972666 0.0849917 0.0729167 0.0737083 0 0 0 0 0 0 0 0 0 0 0 0 0 0 0 0 0 0 0 0 0 0 0 0 1 11185.7359 
sw061b002_11093 5 0.3096166 0.0815583 0.0895667 0.0676416 0.07085 0 0 0 0 0 0 0 0 0 0 0 0 0 0 0 0 0 0 0 0 0 0 0 0 1 11191.044 
