sw061b001_124 20 1.0929917 0.0328166 0.0393584 0.045325 0.0499333 0.0440834 0.0447833 0.0436833 0.04065 0.0421917 0.0428083 0.0418834 0.0419416 0.0459334 0.052375 0.0604833 0.0737667 0.0894916 0.1095167 0.1519667 0 0 0 0 0 0 0 0 0 1 128.3256 
sw061b001_124 5 0.89825 0.27585 0.2867833 0.1974 0.1382167 0 0 0 0 0 0 0 0 0 0 0 0 0 0 0 0 0 0 0 0 0 0 0 0 1 131.7476 
sw061b001_124 5 0.865575 0.262275 0.2768833 0.1833333 0.1430834 0 0 0 0 0 0 0 0 0 0 0 0 0 0 0 0 0 0 0 0 0 0 0 0 1 135.5877 
sw061b001_124 5 0.8583166 0.266675 0.2693583 0.178325 0.1439583 0 0 0 0 0 0 0 0 0 0 0 0 0 0 0 0 0 0 0 0 0 0 0 0 1 139.5217 
sw061b001_124 5 0.8619416 0.2686583 0.2851417 0.1784083 0.1297333 0 0 0 0 0 0 0 0 0 0 0 0 0 0 0 0 0 0 0 0 0 0 0 0 1 142.7881 
sw061b001_124 5 0.838825 0.2522667 0.2530833 0.1827334 0.1507416 0 0 0 0 0 0 0 0 0 0 0 0 0 0 0 0 0 0 0 0 0 0 0 0 1 145.8571 
sw061b001_124 5 0.8447333 0.2584333 0.2746417 0.174025 0.1376333 0 0 0 0 0 0 0 0 0 0 0 0 0 0 0 0 0 0 0 0 0 0 0 0 1 149.3956 
sw061b001_124 4 0.8711697 0.2998227 0.2965137 0.2748333 0 0 0 0 0 0 0 0 0 0 0 0 0 0 0 0 0 0 0 0 0 0 0 0 0 2 149.4538 
sw061b001_124 5 0.967213 0.3213012 0.3016214 0.3031725 0.0411179 0 0 0 0 0 0 0 0 0 0 0 0 0 0 0 0 0 0 0 0 0 0 0 0 2 152.8085 
sw061b001_124 5 0.8275417 0.2567917 0.2733083 0.1672333 0.1302084 0 0 0 0 0 0 0 0 0 0 0 0 0 0 0 0 0 0 0 0 0 0 0 0 1 152.9482 
sw061b001_124 4 0.946011 0.326062 0.3117551 0.3081939 0 0 0 0 0 0 0 0 0 0 0 0 0 0 0 0 0 0 0 0 0 0 0 0 0 2 156.0181 
sw061b001_124 5 0.8468334 0.2681917 0.28675 0.1660917 0.1258 0 0 0 0 0 0 0 0 0 0 0 0 0 0 0 0 0 0 0 0 0 0 0 0 1 156.199 
sw061b001_124 4 1.03065 0.3755167 0.32575 0.3293833 0 0 0 0 0 0 0 0 0 0 0 0 0 0 0 0 0 0 0 0 0 0 0 0 0 2 160.9444 
sw061b001_124 4 1.0820167 0.373175 0.3639 0.3449417 0 0 0 0 0 0 0 0 0 0 0 0 0 0 0 0 0 0 0 0 0 0 0 0 0 2 165.8769 
sw061b001_124 5 1.0484083 0.3581333 0.3603667 0.1716666 0.1582417 0 0 0 0 0 0 0 0 0 0 0 0 0 0 0 0 0 0 0 0 0 0 0 0 1 166.211 
sw061b001_124 5 0.9956333 0.3423583 0.3325834 0.1721583 0.1485333 0 0 0 0 0 0 0 0 0 0 0 0 0 0 0 0 0 0 0 0 0 0 0 0 1 170.3441 
sw061b001_124 4 1.07565 0.3895084 0.3517916 0.33435 0 0 0 0 0 0 0 0 0 0 0 0 0 0 0 0 0 0 0 0 0 0 0 0 0 2 170.5812 
sw061b001_124 4 1.020525 0.3446084 0.3496749 0.3262417 0 0 0 0 0 0 0 0 0 0 0 0 0 0 0 0 0 0 0 0 0 0 0 0 0 2 174.7044 
sw061b001_124 5 0.9803084 0.3444583 0.3269917 0.1591083 0.1497501 0 0 0 0 0 0 0 0 0 0 0 0 0 0 0 0 0 0 0 0 0 0 0 0 1 174.8052 
sw061b001_124 5 1.4634833 0.3348 0.3322333 0.3321834 0.4642666 0 0 0 0 0 0 0 0 0 0 0 0 0 0 0 0 0 0 0 0 0 0 0 0 2 178.4286 
sw061b001_124 5 0.9525416 0.350825 0.3257333 0.1393833 0.1366 0 0 0 0 0 0 0 0 0 0 0 0 0 0 0 0 0 0 0 0 0 0 0 0 1 178.667 
sw061b001_124 4 0.9997651 0.3303356 0.332837 0.3365925 0 0 0 0 0 0 0 0 0 0 0 0 0 0 0 0 0 0 0 0 0 0 0 0 0 2 182.2411 
sw061b001_124 4 1.0187389 0.3432798 0.3419874 0.3334717 0 0 0 0 0 0 0 0 0 0 0 0 0 0 0 0 0 0 0 0 0 0 0 0 0 2 185.827 
sw061b001_124 5 1.0598584 0.3829667 0.37075 0.1532417 0.1529 0 0 0 0 0 0 0 0 0 0 0 0 0 0 0 0 0 0 0 0 0 0 0 0 1 186.5992 
sw061b001_124 4 1.0307395 0.3514968 0.3421299 0.3371128 0 0 0 0 0 0 0 0 0 0 0 0 0 0 0 0 0 0 0 0 0 0 0 0 0 2 190.133 
sw061b001_124 5 1.0668667 0.3889833 0.3530334 0.171675 0.153175 0 0 0 0 0 0 0 0 0 0 0 0 0 0 0 0 0 0 0 0 0 0 0 0 1 190.8496 
sw061b001_124 4 1.0595726 0.3575296 0.3501218 0.3519212 0 0 0 0 0 0 0 0 0 0 0 0 0 0 0 0 0 0 0 0 0 0 0 0 0 2 194.4938 
sw061b001_124 5 1.0691167 0.3881 0.3717417 0.1636 0.145675 0 0 0 0 0 0 0 0 0 0 0 0 0 0 0 0 0 0 0 0 0 0 0 0 1 195.2481 
sw061b001_124 4 1.0062386 0.3394932 0.3333515 0.3333939 0 0 0 0 0 0 0 0 0 0 0 0 0 0 0 0 0 0 0 0 0 0 0 0 0 2 198.8621 
sw061b001_124 5 1.0382417 0.3856417 0.357 0.1488583 0.1467417 0 0 0 0 0 0 0 0 0 0 0 0 0 0 0 0 0 0 0 0 0 0 0 0 1 198.9298 
sw061b001_124 4 0.969535 0.3343285 0.3237556 0.3114509 0 0 0 0 0 0 0 0 0 0 0 0 0 0 0 0 0 0 0 0 0 0 0 0 0 2 202.5538 
sw061b001_124 5 0.9752834 0.3392334 0.3205166 0.1670084 0.148525 0 0 0 0 0 0 0 0 0 0 0 0 0 0 0 0 0 0 0 0 0 0 0 0 1 202.5901 
sw061b001_124 4 1.0017667 0.3332917 0.3239583 0.3445167 0 0 0 0 0 0 0 0 0 0 0 0 0 0 0 0 0 0 0 0 0 0 0 0 0 2 206.3303 
sw061b001_124 4 0.9509917 0.3114834 0.3192333 0.320275 0 0 0 0 0 0 0 0 0 0 0 0 0 0 0 0 0 0 0 0 0 0 0 0 0 2 210.19 
sw061b001_124 4 0.941825 0.3160084 0.3170833 0.3087333 0 0 0 0 0 0 0 0 0 0 0 0 0 0 0 0 0 0 0 0 0 0 0 0 0 2 213.6115 
sw061b001_124 19 1.1594167 0.0373167 0.0433666 0.0521667 0.0587917 0.04855 0.0437 0.0470833 0.04215 0.047025 0.0461917 0.0504666 0.0523417 0.0539917 0.0577916 0.0687084 0.0975666 0.1283 0.1839084 0 0 0 0 0 0 0 0 0 0 1 216.1238 
sw061b001_124 20 1.187875 0.0336 0.0360084 0.0366666 0.0423 0.0464167 0.0452917 0.0429666 0.0448084 0.0411416 0.0405917 0.0389417 0.0394166 0.0396584 0.0437333 0.052875 0.0718083 0.1089917 0.14885 0.2338083 0 0 0 0 0 0 0 0 0 1 219.8922 
sw061b001_124 4 0.9316936 0.3237028 0.2955033 0.3124875 0 0 0 0 0 0 0 0 0 0 0 0 0 0 0 0 0 0 0 0 0 0 0 0 0 2 220.0687 
sw061b001_124 4 0.9013667 0.305425 0.2977583 0.2981834 0 0 0 0 0 0 0 0 0 0 0 0 0 0 0 0 0 0 0 0 0 0 0 0 0 2 246.3526 
sw061b001_124 17 1.1098811 0.0459311 0.0492834 0.0533666 0.05075 0.0455917 0.0452333 0.0424917 0.0428833 0.0471834 0.0471666 0.052 0.0594917 0.081675 0.1083 0.1422833 0.19625 0 0 0 0 0 0 0 0 0 0 0 0 1 252.4517 
sw061b001_124 4 0.9535955 0.3147764 0.3200347 0.3187844 0 0 0 0 0 0 0 0 0 0 0 0 0 0 0 0 0 0 0 0 0 0 0 0 0 2 252.4548 
sw061b001_124 4 0.9049469 0.2971192 0.3051139 0.3027138 0 0 0 0 0 0 0 0 0 0 0 0 0 0 0 0 0 0 0 0 0 0 0 0 0 2 256.0241 
sw061b001_124 17 1.05265 0.04205 0.05605 0.0482 0.04805 0.0456083 0.04275 0.0415417 0.0394333 0.0418667 0.04235 0.0491333 0.0561084 0.0760583 0.11135 0.1456917 0.1664083 0 0 0 0 0 0 0 0 0 0 0 0 1 256.0976 
sw061b001_124 19 1.1129 0.034325 0.0528167 0.0505917 0.04495 0.041175 0.0404416 0.0395834 0.0420666 0.0441917 0.0434167 0.0469833 0.049575 0.052925 0.0595667 0.0722916 0.0892 0.111275 0.197525 0 0 0 0 0 0 0 0 0 0 1 259.0066 
sw061b001_124 4 0.8943575 0.2947978 0.3046064 0.2949533 0 0 0 0 0 0 0 0 0 0 0 0 0 0 0 0 0 0 0 0 0 0 0 0 0 2 259.4142 
sw061b001_124 17 0.986375 0.0354166 0.045025 0.04585 0.0425417 0.0458917 0.0460833 0.0420083 0.042575 0.0452667 0.0453833 0.048875 0.0551584 0.0643333 0.0821333 0.1206917 0.1791417 0 0 0 0 0 0 0 0 0 0 0 0 1 262.5317 
sw061b001_124 4 0.8955485 0.2824183 0.3134402 0.29969 0 0 0 0 0 0 0 0 0 0 0 0 0 0 0 0 0 0 0 0 0 0 0 0 0 2 262.8679 
sw061b001_124 18 1.0657084 0.0339334 0.0430416 0.0465667 0.0522667 0.0430083 0.0485083 0.0418584 0.043675 0.0488 0.0462083 0.0478417 0.0521 0.05325 0.063775 0.0819166 0.114775 0.2041834 0 0 0 0 0 0 0 0 0 0 0 1 266.0988 
sw061b001_124 19 1.085875 0.03785 0.0506667 0.0469833 0.0404417 0.0437333 0.0413584 0.042475 0.039375 0.04015 0.0425833 0.04465 0.0505333 0.0550667 0.0559917 0.0662416 0.0827667 0.1027083 0.2023 0 0 0 0 0 0 0 0 0 0 1 269.8531 
sw061b001_124 21 1.3451897 0.1369975 0.0472271 0.0409491 0.0402715 0.0432269 0.0408881 0.0413327 0.0432686 0.0449827 0.0447879 0.0440354 0.0468048 0.0460573 0.0478465 0.0527073 0.0634796 0.0728596 0.0827485 0.2054713 0.1592473 0 0 0 0 0 0 0 0 2 273.3661 
sw061b001_124 5 0.8768083 0.26235 0.292425 0.1903167 0.1317166 0 0 0 0 0 0 0 0 0 0 0 0 0 0 0 0 0 0 0 0 0 0 0 0 1 273.6876 
sw061b001_124 5 0.8888416 0.2752583 0.2734 0.1888833 0.1513 0 0 0 0 0 0 0 0 0 0 0 0 0 0 0 0 0 0 0 0 0 0 0 0 1 278.3621 
sw061b001_124 6 1.060625 0.2745333 0.2884917 0.2045583 0.1281417 0.1649 0 0 0 0 0 0 0 0 0 0 0 0 0 0 0 0 0 0 0 0 0 0 0 1 282.5159 
