sw061b001_7223 5 1.2470963 0.4964796 0.3745494 0.1853673 0.1907 0 0 0 0 0 0 0 0 0 0 0 0 0 0 0 0 0 0 0 0 0 0 0 0 1 7224.8166 
sw061b001_7223 5 1.3076887 0.4841251 0.4005526 0.2169031 0.2061079 0 0 0 0 0 0 0 0 0 0 0 0 0 0 0 0 0 0 0 0 0 0 0 0 2 7228.6652 
sw061b001_7223 5 1.2423655 0.4786322 0.4278 0.1349917 0.2009416 0 0 0 0 0 0 0 0 0 0 0 0 0 0 0 0 0 0 0 0 0 0 0 0 1 7229.1663 
sw061b001_7223 5 1.3964785 0.5222602 0.4595376 0.228214 0.1864667 0 0 0 0 0 0 0 0 0 0 0 0 0 0 0 0 0 0 0 0 0 0 0 0 2 7232.3415 
sw061b001_7223 5 1.2840083 0.45885 0.451175 0.1514417 0.2225416 0 0 0 0 0 0 0 0 0 0 0 0 0 0 0 0 0 0 0 0 0 0 0 0 1 7233.1986 
sw061b001_7223 5 1.3249786 0.482747 0.4455529 0.1992734 0.1974053 0 0 0 0 0 0 0 0 0 0 0 0 0 0 0 0 0 0 0 0 0 0 0 0 2 7235.8734 
sw061b001_7223 5 1.2476267 0.4847517 0.4145667 0.1688083 0.1795 0 0 0 0 0 0 0 0 0 0 0 0 0 0 0 0 0 0 0 0 0 0 0 0 1 7237.0338 
sw061b001_7223 5 1.2422698 0.4988538 0.4023012 0.1581118 0.183003 0 0 0 0 0 0 0 0 0 0 0 0 0 0 0 0 0 0 0 0 0 0 0 0 2 7239.5201 
sw061b001_7223 5 1.2354917 0.491875 0.3889917 0.18225 0.172375 0 0 0 0 0 0 0 0 0 0 0 0 0 0 0 0 0 0 0 0 0 0 0 0 2 7242.9962 
sw061b001_7223 6 1.0595333 0.2363583 0.2865167 0.1853083 0.1232916 0.2280584 0 0 0 0 0 0 0 0 0 0 0 0 0 0 0 0 0 0 0 0 0 0 0 2 7247.1479 
sw061b001_7223 5 1.075875 0.39595 0.3288917 0.15215 0.1988833 0 0 0 0 0 0 0 0 0 0 0 0 0 0 0 0 0 0 0 0 0 0 0 0 2 7250.468 
sw061b001_7223 6 1.3402916 0.4030083 0.30915 0.1337167 0.1350166 0.3594 0 0 0 0 0 0 0 0 0 0 0 0 0 0 0 0 0 0 0 0 0 0 0 2 7253.8147 
sw061b001_7223 5 1.064225 0.4076834 0.3397833 0.1662083 0.15055 0 0 0 0 0 0 0 0 0 0 0 0 0 0 0 0 0 0 0 0 0 0 0 0 2 7257.7969 
sw061b001_7223 5 1.056125 0.4083833 0.3096667 0.1650583 0.1730167 0 0 0 0 0 0 0 0 0 0 0 0 0 0 0 0 0 0 0 0 0 0 0 0 2 7262.6495 
sw061b001_7223 5 1.1002083 0.349475 0.3749083 0.1974167 0.1784083 0 0 0 0 0 0 0 0 0 0 0 0 0 0 0 0 0 0 0 0 0 0 0 0 2 7266.2952 
sw061b001_7223 5 1.20455 0.4436583 0.431425 0.1715167 0.15795 0 0 0 0 0 0 0 0 0 0 0 0 0 0 0 0 0 0 0 0 0 0 0 0 1 7267.2366 
sw061b001_7223 5 1.3499 0.5027916 0.4205167 0.2093083 0.2172834 0 0 0 0 0 0 0 0 0 0 0 0 0 0 0 0 0 0 0 0 0 0 0 0 1 7275.666 
sw061b001_7223 5 1.4196084 0.505625 0.4840917 0.2263833 0.2035084 0 0 0 0 0 0 0 0 0 0 0 0 0 0 0 0 0 0 0 0 0 0 0 0 1 7279.4436 
sw061b001_7223 5 1.1511118 0.4657081 0.3584932 0.1546092 0.1723013 0 0 0 0 0 0 0 0 0 0 0 0 0 0 0 0 0 0 0 0 0 0 0 0 2 7282.2033 
sw061b001_7223 5 1.3377519 0.4867686 0.464025 0.1891416 0.1978167 0 0 0 0 0 0 0 0 0 0 0 0 0 0 0 0 0 0 0 0 0 0 0 0 1 7283.4755 
sw061b001_7223 5 1.0969452 0.4605305 0.3343683 0.1384719 0.1635745 0 0 0 0 0 0 0 0 0 0 0 0 0 0 0 0 0 0 0 0 0 0 0 0 2 7286.164 
sw061b001_7223 6 0.9990958 0.4365875 0.2318 0.109275 0.105075 0.1163583 0 0 0 0 0 0 0 0 0 0 0 0 0 0 0 0 0 0 0 0 0 0 0 1 7289.7994 
sw061b001_7223 5 1.272275 0.4414 0.400625 0.2088 0.22145 0 0 0 0 0 0 0 0 0 0 0 0 0 0 0 0 0 0 0 0 0 0 0 0 2 7298.4426 
sw061b001_7223 7 1.3998083 0.4465333 0.3729417 0.1413583 0.1174833 0.1377167 0.183775 0 0 0 0 0 0 0 0 0 0 0 0 0 0 0 0 0 0 0 0 0 0 2 7309.6296 
sw061b001_7223 8 1.6578432 0.5167666 0.394471 0.1302155 0.1108456 0.1323794 0.1506599 0.2225052 0 0 0 0 0 0 0 0 0 0 0 0 0 0 0 0 0 0 0 0 0 1 7313.8182 
sw061b001_7223 11 1.4949399 0.4406938 0.2360386 0.1051989 0.0846308 0.072861 0.0865725 0.089247 0.0923603 0.1079947 0.1793423 0 0 0 0 0 0 0 0 0 0 0 0 0 0 0 0 0 0 2 7314.352 
sw061b001_7223 7 1.4578167 0.4979667 0.3814167 0.12655 0.117575 0.1450833 0.189225 0 0 0 0 0 0 0 0 0 0 0 0 0 0 0 0 0 0 0 0 0 0 1 7319.2284 
sw061b001_7223 6 1.0473167 0.41475 0.2696583 0.12305 0.106025 0.1338334 0 0 0 0 0 0 0 0 0 0 0 0 0 0 0 0 0 0 0 0 0 0 0 2 7321.8779 
sw061b001_7223 9 1.709325 0.4764083 0.4285917 0.1537083 0.092375 0.1202278 0.1083722 0.1460833 0.1835584 0 0 0 0 0 0 0 0 0 0 0 0 0 0 0 0 0 0 0 0 1 7325.9475 
sw061b001_7223 5 1.0443597 0.374318 0.3198426 0.1900611 0.160138 0 0 0 0 0 0 0 0 0 0 0 0 0 0 0 0 0 0 0 0 0 0 0 0 2 7326.8474 
