sw061b001_3872 5 1.031875 0.3749417 0.362775 0.1498167 0.1443416 0 0 0 0 0 0 0 0 0 0 0 0 0 0 0 0 0 0 0 0 0 0 0 0 1 3879.6276 
sw061b001_3872 4 0.9036166 0.6089268 0.0497113 0.2449785 0 0 0 0 0 0 0 0 0 0 0 0 0 0 0 0 0 0 0 0 0 0 0 0 0 2 3879.7066 
sw061b001_3872 4 0.8491469 0.2698391 0.2937853 0.2855225 0 0 0 0 0 0 0 0 0 0 0 0 0 0 0 0 0 0 0 0 0 0 0 0 0 2 3883.5993 
sw061b001_3872 5 0.9328 0.3280917 0.2970667 0.1682416 0.1394 0 0 0 0 0 0 0 0 0 0 0 0 0 0 0 0 0 0 0 0 0 0 0 0 1 3883.6449 
sw061b001_3872 4 0.8341406 0.2624046 0.2864546 0.2852814 0 0 0 0 0 0 0 0 0 0 0 0 0 0 0 0 0 0 0 0 0 0 0 0 0 2 3887.298 
sw061b001_3872 5 0.9238417 0.3139917 0.30775 0.1619 0.1402 0 0 0 0 0 0 0 0 0 0 0 0 0 0 0 0 0 0 0 0 0 0 0 0 1 3887.328 
sw061b001_3872 4 0.8658667 0.2765 0.2989334 0.2904333 0 0 0 0 0 0 0 0 0 0 0 0 0 0 0 0 0 0 0 0 0 0 0 0 0 2 3891.1193 
sw061b001_3872 4 0.9066083 0.296525 0.3051917 0.3048916 0 0 0 0 0 0 0 0 0 0 0 0 0 0 0 0 0 0 0 0 0 0 0 0 0 2 3896.0999 
sw061b001_3872 5 0.9870084 0.3508667 0.3230333 0.1622584 0.15085 0 0 0 0 0 0 0 0 0 0 0 0 0 0 0 0 0 0 0 0 0 0 0 0 1 3897.0592 
sw061b001_3872 4 0.92075 0.30175 0.31645 0.30255 0 0 0 0 0 0 0 0 0 0 0 0 0 0 0 0 0 0 0 0 0 0 0 0 0 2 3900.3918 
sw061b001_3872 5 0.9885917 0.3671583 0.3262917 0.13955 0.1555917 0 0 0 0 0 0 0 0 0 0 0 0 0 0 0 0 0 0 0 0 0 0 0 0 1 3900.8927 
sw061b001_3872 4 0.9335833 0.314775 0.3100583 0.30875 0 0 0 0 0 0 0 0 0 0 0 0 0 0 0 0 0 0 0 0 0 0 0 0 0 2 3903.9766 
sw061b001_3872 5 0.9898417 0.36145 0.3321 0.1490834 0.1472083 0 0 0 0 0 0 0 0 0 0 0 0 0 0 0 0 0 0 0 0 0 0 0 0 1 3904.3743 
sw061b001_3872 4 0.9512917 0.3166584 0.3140083 0.320625 0 0 0 0 0 0 0 0 0 0 0 0 0 0 0 0 0 0 0 0 0 0 0 0 0 2 3907.5365 
sw061b001_3872 6 1.2446417 0.3674083 0.344475 0.1538584 0.1361166 0.2427834 0 0 0 0 0 0 0 0 0 0 0 0 0 0 0 0 0 0 0 0 0 0 0 1 3907.8035 
sw061b001_3872 4 0.9450416 0.3201583 0.3131417 0.3117416 0 0 0 0 0 0 0 0 0 0 0 0 0 0 0 0 0 0 0 0 0 0 0 0 0 2 3911.5117 
sw061b001_3872 4 1.2669873 0.4514621 0.4169038 0.3986211 0 0 0 0 0 0 0 0 0 0 0 0 0 0 0 0 0 0 0 0 0 0 0 0 0 2 3916.9475 
sw061b001_3872 4 1.2468991 0.4457784 0.4158562 0.3852645 0 0 0 0 0 0 0 0 0 0 0 0 0 0 0 0 0 0 0 0 0 0 0 0 0 2 3921.249 
sw061b001_3872 5 1.1383333 0.3993166 0.394875 0.1568084 0.1873333 0 0 0 0 0 0 0 0 0 0 0 0 0 0 0 0 0 0 0 0 0 0 0 0 1 3921.6469 
sw061b001_3872 5 1.13705 0.4052833 0.390725 0.1595833 0.1814584 0 0 0 0 0 0 0 0 0 0 0 0 0 0 0 0 0 0 0 0 0 0 0 0 1 3926.5618 
sw061b001_3872 12 1.4107917 0.3314494 0.4642938 0.0708625 0.0809106 0.09292 0.1066616 0.0135633 0.0000023 0.0000024 0.0988974 0.1512284 0 0 0 0 0 0 0 0 0 0 0 0 0 0 0 0 0 2 3933.405 
sw061b001_3872 5 1.1143331 0.4051581 0.3680834 0.1721083 0.1689833 0 0 0 0 0 0 0 0 0 0 0 0 0 0 0 0 0 0 0 0 0 0 0 0 1 3933.7924 
sw061b001_3872 4 0.9935083 0.3363167 0.3427583 0.3144333 0 0 0 0 0 0 0 0 0 0 0 0 0 0 0 0 0 0 0 0 0 0 0 0 0 2 3938.2503 
sw061b001_3872 5 1.0642667 0.383525 0.358675 0.1611583 0.1609084 0 0 0 0 0 0 0 0 0 0 0 0 0 0 0 0 0 0 0 0 0 0 0 0 1 3938.2804 
sw061b001_3872 5 1.0549583 0.3647833 0.3679416 0.1663084 0.155925 0 0 0 0 0 0 0 0 0 0 0 0 0 0 0 0 0 0 0 0 0 0 0 0 1 3942.3997 
sw061b001_3872 4 0.936775 0.31885 0.3088333 0.3090917 0 0 0 0 0 0 0 0 0 0 0 0 0 0 0 0 0 0 0 0 0 0 0 0 0 2 3943.0902 
sw061b001_3872 8 1.4049917 0.4303667 0.373575 0.0996667 0.092925 0.10755 0.1353666 0.1655417 0 0 0 0 0 0 0 0 0 0 0 0 0 0 0 0 0 0 0 0 0 1 3947.1796 
sw061b001_3872 4 0.9093083 0.3069 0.299175 0.3032333 0 0 0 0 0 0 0 0 0 0 0 0 0 0 0 0 0 0 0 0 0 0 0 0 0 2 3947.3243 
sw061b001_3872 4 0.9059166 0.3030697 0.3019886 0.3008583 0 0 0 0 0 0 0 0 0 0 0 0 0 0 0 0 0 0 0 0 0 0 0 0 0 2 3951.5984 
sw061b001_3872 18 1.100525 0.0367583 0.0463334 0.0589833 0.0476917 0.0439 0.045825 0.0424083 0.0441083 0.0449 0.0463584 0.0482 0.050275 0.0587167 0.075625 0.1053416 0.1362583 0.1688417 0 0 0 0 0 0 0 0 0 0 0 1 3951.7159 
sw061b001_3872 4 0.9170917 0.30975 0.3041167 0.303225 0 0 0 0 0 0 0 0 0 0 0 0 0 0 0 0 0 0 0 0 0 0 0 0 0 2 3956.398 
sw061b001_3872 19 1.2020833 0.0403 0.0467167 0.0488833 0.0473333 0.0434084 0.041125 0.042 0.0387666 0.04255 0.043975 0.04485 0.05305 0.0527334 0.0639166 0.08625 0.1257667 0.16045 0.1800083 0 0 0 0 0 0 0 0 0 0 1 3956.7175 
sw061b001_3872 4 0.9617167 0.3241167 0.3219932 0.3156068 0 0 0 0 0 0 0 0 0 0 0 0 0 0 0 0 0 0 0 0 0 0 0 0 0 2 3962.9399 
sw061b001_3872 18 1.0280501 0.036975 0.036325 0.0450334 0.0421666 0.0449417 0.0444834 0.0419416 0.0417917 0.0481583 0.04105 0.0466 0.051225 0.0537917 0.0633166 0.0837584 0.1224583 0.1840334 0 0 0 0 0 0 0 0 0 0 0 1 3963.3403 
sw061b001_3872 19 1.0174417 0.0374667 0.0364333 0.0438417 0.044025 0.0432333 0.0403417 0.0416249 0.0418667 0.0454084 0.0450416 0.045925 0.051825 0.052925 0.0534334 0.0658416 0.0857833 0.0990584 0.1433667 0 0 0 0 0 0 0 0 0 0 1 3966.4483 
sw061b001_3872 4 0.9313333 0.322775 0.2983667 0.3101916 0 0 0 0 0 0 0 0 0 0 0 0 0 0 0 0 0 0 0 0 0 0 0 0 0 2 3966.6285 
sw061b001_3872 4 0.904492 0.316775 0.31605 0.271667 0 0 0 0 0 0 0 0 0 0 0 0 0 0 0 0 0 0 0 0 0 0 0 0 0 2 3970.2593 
sw061b001_3872 5 0.90795 0.2914584 0.2819166 0.1948917 0.1396833 0 0 0 0 0 0 0 0 0 0 0 0 0 0 0 0 0 0 0 0 0 0 0 0 1 3970.6129 
sw061b001_3872 5 0.8891166 0.275275 0.281875 0.181075 0.1508916 0 0 0 0 0 0 0 0 0 0 0 0 0 0 0 0 0 0 0 0 0 0 0 0 1 3975.0515 
sw061b001_3872 20 1.11755 0.1742167 0.03805 0.0392416 0.0445917 0.041425 0.0429333 0.0444834 0.0456916 0.0447417 0.04715 0.0470333 0.0484084 0.0494083 0.050475 0.0543833 0.0576917 0.0641417 0.07675 0.1067333 0 0 0 0 0 0 0 0 0 2 3978.6087 
sw061b001_3872 5 0.8545083 0.2576 0.2821 0.1735667 0.1412416 0 0 0 0 0 0 0 0 0 0 0 0 0 0 0 0 0 0 0 0 0 0 0 0 1 3979.0454 
sw061b001_3872 5 0.8804833 0.2831583 0.286125 0.1752917 0.1359083 0 0 0 0 0 0 0 0 0 0 0 0 0 0 0 0 0 0 0 0 0 0 0 0 1 3982.8793 
sw061b001_3872 5 0.8843917 0.2887917 0.280325 0.1763083 0.1389667 0 0 0 0 0 0 0 0 0 0 0 0 0 0 0 0 0 0 0 0 0 0 0 0 1 3987.0032 
sw061b001_3872 5 0.8801833 0.2689083 0.2808834 0.183125 0.1472666 0 0 0 0 0 0 0 0 0 0 0 0 0 0 0 0 0 0 0 0 0 0 0 0 1 3990.6406 
