sw061b001_7071 5 0.7596496 0.2450498 0.1990035 0.1564082 0.1591881 0 0 0 0 0 0 0 0 0 0 0 0 0 0 0 0 0 0 0 0 0 0 0 0 2 7120.7907 
sw061b001_7071 5 0.8047103 0.2432129 0.2259237 0.1661833 0.1693904 0 0 0 0 0 0 0 0 0 0 0 0 0 0 0 0 0 0 0 0 0 0 0 0 2 7125.8437 
sw061b001_7071 5 0.9261698 0.257447 0.2568058 0.205248 0.206669 0 0 0 0 0 0 0 0 0 0 0 0 0 0 0 0 0 0 0 0 0 0 0 0 3 7128.3216 
sw061b001_7071 5 0.7483763 0.2249475 0.1962897 0.1597779 0.1673573 0 0 0 0 0 0 0 0 0 0 0 0 0 0 0 0 0 0 0 0 0 0 0 0 2 7129.8734 
sw061b001_7071 5 0.6816611 0.2275444 0.1777083 0.1426834 0.133725 0 0 0 0 0 0 0 0 0 0 0 0 0 0 0 0 0 0 0 0 0 0 0 0 2 7134.5869 
sw061b001_7071 5 0.9603636 0.1834386 0.2918417 0.23335 0.2517333 0 0 0 0 0 0 0 0 0 0 0 0 0 0 0 0 0 0 0 0 0 0 0 0 2 7138.684 
sw061b001_7071 4 0.6386728 0.2044211 0.2059653 0.2282864 0 0 0 0 0 0 0 0 0 0 0 0 0 0 0 0 0 0 0 0 0 0 0 0 0 2 7143.7766 
sw061b001_7071 5 0.9461832 0.2834246 0.2598309 0.2030226 0.1999051 0 0 0 0 0 0 0 0 0 0 0 0 0 0 0 0 0 0 0 0 0 0 0 0 2 7148.3051 
sw061b001_7071 5 0.8276136 0.2464593 0.2374905 0.1926434 0.1510183 0 0 0 0 0 0 0 0 0 0 0 0 0 0 0 0 0 0 0 0 0 0 0 0 3 7149.8788 
sw061b001_7071 5 0.8057931 0.2261971 0.2512972 0.1634229 0.1648759 0 0 0 0 0 0 0 0 0 0 0 0 0 0 0 0 0 0 0 0 0 0 0 0 2 7155.6178 
sw061b001_7071 5 0.8960667 0.298254 0.2516767 0.1714774 0.1746586 0 0 0 0 0 0 0 0 0 0 0 0 0 0 0 0 0 0 0 0 0 0 0 0 3 7157.7214 
sw061b001_7071 5 0.7146136 0.2024618 0.2142274 0.1399735 0.1579455 0 0 0 0 0 0 0 0 0 0 0 0 0 0 0 0 0 0 0 0 0 0 0 0 2 7168.6108 
sw061b001_7071 6 0.7170608 0.1581534 0.176001 0.1576867 0.1218183 0.1034014 0 0 0 0 0 0 0 0 0 0 0 0 0 0 0 0 0 0 0 0 0 0 0 3 7170.7012 
sw061b001_7071 5 0.8364572 0.2197439 0.231049 0.1587755 0.2268888 0 0 0 0 0 0 0 0 0 0 0 0 0 0 0 0 0 0 0 0 0 0 0 0 2 7175.0345 
sw061b001_7071 5 0.7312588 0.1803571 0.1331488 0.2492726 0.1684803 0 0 0 0 0 0 0 0 0 0 0 0 0 0 0 0 0 0 0 0 0 0 0 0 3 7176.3564 
sw061b001_7071 6 1.040589 0.2676618 0.3324356 0.1643583 0.1349155 0.1412178 0 0 0 0 0 0 0 0 0 0 0 0 0 0 0 0 0 0 0 0 0 0 0 1 7176.4674 
sw061b001_7071 6 1.2605093 0.335915 0.3753088 0.1832809 0.1638454 0.2021592 0 0 0 0 0 0 0 0 0 0 0 0 0 0 0 0 0 0 0 0 0 0 0 1 7180.2513 
sw061b001_7071 5 0.7700268 0.1711191 0.2787477 0.1592804 0.1608796 0 0 0 0 0 0 0 0 0 0 0 0 0 0 0 0 0 0 0 0 0 0 0 0 2 7181.3096 
sw061b001_7071 5 0.8633918 0.2385235 0.2890165 0.1767004 0.1591514 0 0 0 0 0 0 0 0 0 0 0 0 0 0 0 0 0 0 0 0 0 0 0 0 1 7182.5412 
sw061b001_7071 5 0.5234243 0.1377896 0.1310748 0.1211335 0.1334264 0 0 0 0 0 0 0 0 0 0 0 0 0 0 0 0 0 0 0 0 0 0 0 0 2 7182.7559 
sw061b001_7071 5 0.6941789 0.2865454 0.1002377 0.1258569 0.1815389 0 0 0 0 0 0 0 0 0 0 0 0 0 0 0 0 0 0 0 0 0 0 0 0 1 7183.708524 
sw061b001_7071 5 0.8975 0.2699 0.2710917 0.1815083 0.175 0 0 0 0 0 0 0 0 0 0 0 0 0 0 0 0 0 0 0 0 0 0 0 0 1 7186.7002 
sw061b001_7071 5 0.8028039 0.2333639 0.2393917 0.1696501 0.1603982 0 0 0 0 0 0 0 0 0 0 0 0 0 0 0 0 0 0 0 0 0 0 0 0 2 7188.5592 
sw061b001_7071 5 0.9174917 0.2919667 0.3068417 0.1690416 0.1496417 0 0 0 0 0 0 0 0 0 0 0 0 0 0 0 0 0 0 0 0 0 0 0 0 1 7189.7358 
sw061b001_7071 5 0.9704917 0.3310167 0.3019916 0.1702834 0.1672 0 0 0 0 0 0 0 0 0 0 0 0 0 0 0 0 0 0 0 0 0 0 0 0 1 7192.8012 
sw061b001_7071 5 0.8913898 0.316541 0.2707911 0.1344664 0.1695913 0 0 0 0 0 0 0 0 0 0 0 0 0 0 0 0 0 0 0 0 0 0 0 0 5 7194.9355 
sw061b001_7071 5 1.0154607 0.3388085 0.3224205 0.1645678 0.1896592 0 0 0 0 0 0 0 0 0 0 0 0 0 0 0 0 0 0 0 0 0 0 0 0 1 7195.9616 
sw061b001_7071 5 0.9518487 0.3365586 0.2900183 0.1500779 0.1751939 0 0 0 0 0 0 0 0 0 0 0 0 0 0 0 0 0 0 0 0 0 0 0 0 6 7199.3253 
sw061b001_7071 5 1.1311156 0.3865339 0.360034 0.1755164 0.2090313 0 0 0 0 0 0 0 0 0 0 0 0 0 0 0 0 0 0 0 0 0 0 0 0 1 7199.4665 
sw061b001_7071 1 0 0 0 0 0 0 0 0 0 0 0 0 0 0 0 0 0 0 0 0 0 0 0 0 0 0 0 0 0 7 7200.504 
sw061b001_7071 5 1.1443636 0.4036969 0.362787 0.1992374 0.1786423 0 0 0 0 0 0 0 0 0 0 0 0 0 0 0 0 0 0 0 0 0 0 0 0 1 7203.226 
sw061b001_7071 5 0.8323133 0.3514209 0.2428804 0.1148187 0.1231933 0 0 0 0 0 0 0 0 0 0 0 0 0 0 0 0 0 0 0 0 0 0 0 0 9 7206.4988 
sw061b001_7071 5 1.2213475 0.429905 0.3857 0.2202443 0.1854982 0 0 0 0 0 0 0 0 0 0 0 0 0 0 0 0 0 0 0 0 0 0 0 0 1 7206.9125 
sw061b001_7071 7 1.2376598 0.4279319 0.4161394 0.0276478 0.1689589 0.012343 0.1846388 0 0 0 0 0 0 0 0 0 0 0 0 0 0 0 0 0 0 0 0 0 0 1 7210.8277 
