sw061b001_513 8 0.3561833 0.0394833 0.054525 0.0565 0.0487833 0.0473334 0.05065 0.0589083 0 0 0 0 0 0 0 0 0 0 0 0 0 0 0 0 0 0 0 0 0 1 521.3508 
sw061b001_513 5 0.3098333 0.0819083 0.0912917 0.071425 0.0652083 0 0 0 0 0 0 0 0 0 0 0 0 0 0 0 0 0 0 0 0 0 0 0 0 1 526.7953 
sw061b001_513 5 0.341425 0.0998583 0.1007667 0.0712333 0.0695667 0 0 0 0 0 0 0 0 0 0 0 0 0 0 0 0 0 0 0 0 0 0 0 0 1 531.8491 
sw061b001_513 3 0.2988411 0.1960397 0.1028014 0 0 0 0 0 0 0 0 0 0 0 0 0 0 0 0 0 0 0 0 0 0 0 0 0 0 2 537.1559 
sw061b001_513 6 0.3734917 0.0928417 0.091875 0.068075 0.0576417 0.0630583 0 0 0 0 0 0 0 0 0 0 0 0 0 0 0 0 0 0 0 0 0 0 0 1 537.391 
sw061b001_513 3 0.3022229 0.1917153 0.1105076 0 0 0 0 0 0 0 0 0 0 0 0 0 0 0 0 0 0 0 0 0 0 0 0 0 0 2 541.7312 
sw061b001_513 3 0.2979522 0.1861879 0.1117643 0 0 0 0 0 0 0 0 0 0 0 0 0 0 0 0 0 0 0 0 0 0 0 0 0 0 2 546.3398 
sw061b001_513 5 0.3405417 0.09035 0.10485 0.0768334 0.0685083 0 0 0 0 0 0 0 0 0 0 0 0 0 0 0 0 0 0 0 0 0 0 0 0 1 555.8928 
sw061b001_513 3 0.2758363 0.1646392 0.1111971 0 0 0 0 0 0 0 0 0 0 0 0 0 0 0 0 0 0 0 0 0 0 0 0 0 0 2 557.5212 
sw061b001_513 5 0.3358584 0.0935834 0.0987916 0.0697584 0.073725 0 0 0 0 0 0 0 0 0 0 0 0 0 0 0 0 0 0 0 0 0 0 0 0 1 561.5909 
sw061b001_513 3 0.2961937 0.1913224 0.1048713 0 0 0 0 0 0 0 0 0 0 0 0 0 0 0 0 0 0 0 0 0 0 0 0 0 0 2 562.4021 
sw061b001_513 5 0.3282583 0.0800583 0.0991833 0.0778 0.0712167 0 0 0 0 0 0 0 0 0 0 0 0 0 0 0 0 0 0 0 0 0 0 0 0 1 567.3788 
sw061b001_513 6 0.7859381 0.2508048 0.2576399 0.0357559 0.2331621 0.0085754 0 0 0 0 0 0 0 0 0 0 0 0 0 0 0 0 0 0 0 0 0 0 0 2 571.9538 
sw061b001_513 5 0.3341 0.0923583 0.105275 0.0685167 0.06795 0 0 0 0 0 0 0 0 0 0 0 0 0 0 0 0 0 0 0 0 0 0 0 0 1 572.4057 
sw061b001_513 4 0.7801781 0.2453292 0.2745117 0.2603372 0 0 0 0 0 0 0 0 0 0 0 0 0 0 0 0 0 0 0 0 0 0 0 0 0 2 578.1646 
sw061b001_513 5 0.317175 0.0896083 0.0906084 0.0669 0.0700583 0 0 0 0 0 0 0 0 0 0 0 0 0 0 0 0 0 0 0 0 0 0 0 0 1 578.1766 
sw061b001_513 6 0.390875 0.0973584 0.0890333 0.06935 0.0609083 0.074225 0 0 0 0 0 0 0 0 0 0 0 0 0 0 0 0 0 0 0 0 0 0 0 1 583.1763 
sw061b001_513 4 0.803023 0.2565052 0.2868604 0.2596574 0 0 0 0 0 0 0 0 0 0 0 0 0 0 0 0 0 0 0 0 0 0 0 0 0 2 583.8033 
sw061b001_513 5 0.3297916 0.0933416 0.0951334 0.072075 0.0692416 0 0 0 0 0 0 0 0 0 0 0 0 0 0 0 0 0 0 0 0 0 0 0 0 1 588.3308 
sw061b001_513 4 0.7815689 0.2467354 0.2707879 0.2640456 0 0 0 0 0 0 0 0 0 0 0 0 0 0 0 0 0 0 0 0 0 0 0 0 0 2 588.8675 
sw061b001_513 5 0.3384333 0.1105 0.0901333 0.0694667 0.0683333 0 0 0 0 0 0 0 0 0 0 0 0 0 0 0 0 0 0 0 0 0 0 0 0 1 593.3884 
sw061b001_513 4 0.7834142 0.2624938 0.2521766 0.2687438 0 0 0 0 0 0 0 0 0 0 0 0 0 0 0 0 0 0 0 0 0 0 0 0 0 2 593.613 
sw061b001_513 5 0.3479833 0.0971333 0.1032167 0.07185 0.0757833 0 0 0 0 0 0 0 0 0 0 0 0 0 0 0 0 0 0 0 0 0 0 0 0 1 597.804 
sw061b001_513 4 0.7556727 0.2480523 0.2502919 0.2573285 0 0 0 0 0 0 0 0 0 0 0 0 0 0 0 0 0 0 0 0 0 0 0 0 0 2 598.0013 
sw061b001_513 6 0.4075167 0.0920833 0.1014584 0.0734916 0.0671667 0.0733167 0 0 0 0 0 0 0 0 0 0 0 0 0 0 0 0 0 0 0 0 0 0 0 1 602.2991 
sw061b001_513 4 0.7638829 0.2502008 0.2562344 0.2574477 0 0 0 0 0 0 0 0 0 0 0 0 0 0 0 0 0 0 0 0 0 0 0 0 0 2 602.8856 
