sw061b001_4333 6 0.4051 0.0863083 0.0949667 0.077075 0.0680583 0.0786917 0 0 0 0 0 0 0 0 0 0 0 0 0 0 0 0 0 0 0 0 0 0 0 1 4337.4875 
sw061b001_4333 3 0.2941498 0.1996941 0.0944557 0 0 0 0 0 0 0 0 0 0 0 0 0 0 0 0 0 0 0 0 0 0 0 0 0 0 2 4342.9296 
sw061b001_4333 5 0.3193417 0.0962417 0.0917667 0.0678666 0.0634667 0 0 0 0 0 0 0 0 0 0 0 0 0 0 0 0 0 0 0 0 0 0 0 0 1 4342.9585 
sw061b001_4333 3 0.3083409 0.2056125 0.1027284 0 0 0 0 0 0 0 0 0 0 0 0 0 0 0 0 0 0 0 0 0 0 0 0 0 0 2 4347.9465 
sw061b001_4333 5 0.3226834 0.1030084 0.0891666 0.0681334 0.062375 0 0 0 0 0 0 0 0 0 0 0 0 0 0 0 0 0 0 0 0 0 0 0 0 1 4348.5757 
sw061b001_4333 6 0.3707417 0.09615 0.0857334 0.0662917 0.0561666 0.0664 0 0 0 0 0 0 0 0 0 0 0 0 0 0 0 0 0 0 0 0 0 0 0 1 4353.3251 
sw061b001_4333 3 0.27962 0.1766914 0.1029286 0 0 0 0 0 0 0 0 0 0 0 0 0 0 0 0 0 0 0 0 0 0 0 0 0 0 2 4353.5827 
sw061b001_4333 3 0.2908199 0.179763 0.1110569 0 0 0 0 0 0 0 0 0 0 0 0 0 0 0 0 0 0 0 0 0 0 0 0 0 0 2 4357.729 
sw061b001_4333 5 0.3498417 0.096725 0.1049084 0.0707583 0.07745 0 0 0 0 0 0 0 0 0 0 0 0 0 0 0 0 0 0 0 0 0 0 0 0 1 4357.8601 
sw061b001_4333 3 0.2928291 0.1805871 0.112242 0 0 0 0 0 0 0 0 0 0 0 0 0 0 0 0 0 0 0 0 0 0 0 0 0 0 2 4362.5235 
sw061b001_4333 5 0.4289 0.13765 0.0977834 0.0745583 0.1189083 0 0 0 0 0 0 0 0 0 0 0 0 0 0 0 0 0 0 0 0 0 0 0 0 1 4367.6731 
sw061b001_4333 5 0.3549083 0.0974 0.1032833 0.0728667 0.0813583 0 0 0 0 0 0 0 0 0 0 0 0 0 0 0 0 0 0 0 0 0 0 0 0 1 4372.9507 
sw061b001_4333 5 0.361125 0.1290666 0.0944 0.0670917 0.0705667 0 0 0 0 0 0 0 0 0 0 0 0 0 0 0 0 0 0 0 0 0 0 0 0 1 4380.1566 
sw061b001_4333 5 0.3395083 0.1083916 0.0852667 0.0695833 0.0762667 0 0 0 0 0 0 0 0 0 0 0 0 0 0 0 0 0 0 0 0 0 0 0 0 1 4384.8758 
sw061b001_4333 5 0.38335 0.1224917 0.1001333 0.0728083 0.0879167 0 0 0 0 0 0 0 0 0 0 0 0 0 0 0 0 0 0 0 0 0 0 0 0 1 4389.419 
sw061b001_4333 6 0.3901584 0.1143584 0.0797166 0.0674834 0.05885 0.06975 0 0 0 0 0 0 0 0 0 0 0 0 0 0 0 0 0 0 0 0 0 0 0 1 4393.9103 
sw061b001_4333 5 0.4190967 0.1623667 0.0999666 0.0670134 0.08975 0 0 0 0 0 0 0 0 0 0 0 0 0 0 0 0 0 0 0 0 0 0 0 0 1 4398.5919 
