sw061b002_14375 5 1.1479083 0.4039951 0.3771361 0.1907299 0.1760472 0 0 0 0 0 0 0 0 0 0 0 0 0 0 0 0 0 0 0 0 0 0 0 0 3 14397.2368 
sw061b002_14375 5 0.9355795 0.3033086 0.2905789 0.1961508 0.1455412 0 0 0 0 0 0 0 0 0 0 0 0 0 0 0 0 0 0 0 0 0 0 0 0 2 14399.1965 
sw061b002_14375 5 1.0424417 0.3542084 0.366675 0.16845 0.1531083 0 0 0 0 0 0 0 0 0 0 0 0 0 0 0 0 0 0 0 0 0 0 0 0 1 14399.2961 
sw061b002_14375 5 1.1582067 0.4053598 0.3650355 0.2093401 0.1784713 0 0 0 0 0 0 0 0 0 0 0 0 0 0 0 0 0 0 0 0 0 0 0 0 3 14401.2906 
sw061b002_14375 5 0.8638412 0.2433523 0.2686546 0.2170906 0.1347437 0 0 0 0 0 0 0 0 0 0 0 0 0 0 0 0 0 0 0 0 0 0 0 0 2 14402.4993 
sw061b002_14375 5 1.0851666 0.3846583 0.4051583 0.145525 0.149825 0 0 0 0 0 0 0 0 0 0 0 0 0 0 0 0 0 0 0 0 0 0 0 0 1 14403.1334 
sw061b002_14375 5 0.9001793 0.2902216 0.2736239 0.1834712 0.1528626 0 0 0 0 0 0 0 0 0 0 0 0 0 0 0 0 0 0 0 0 0 0 0 0 2 14405.8912 
sw061b002_14375 5 1.0513833 0.3823166 0.369375 0.142425 0.1572667 0 0 0 0 0 0 0 0 0 0 0 0 0 0 0 0 0 0 0 0 0 0 0 0 1 14406.8629 
sw061b002_14375 5 0.9476766 0.3072816 0.2857132 0.2125317 0.1421501 0 0 0 0 0 0 0 0 0 0 0 0 0 0 0 0 0 0 0 0 0 0 0 0 2 14409.4529 
sw061b002_14375 5 0.973135 0.3197789 0.3098702 0.1893945 0.1540914 0 0 0 0 0 0 0 0 0 0 0 0 0 0 0 0 0 0 0 0 0 0 0 0 2 14412.907 
sw061b002_14375 5 1.0269077 0.3168469 0.3484506 0.2011773 0.1604329 0 0 0 0 0 0 0 0 0 0 0 0 0 0 0 0 0 0 0 0 0 0 0 0 2 14416.5299 
sw061b002_14375 9 1.3467667 0.4208583 0.3381917 0.0492 0.07205 0.0843583 0.0956084 0.1185666 0.1679334 0 0 0 0 0 0 0 0 0 0 0 0 0 0 0 0 0 0 0 0 1 14417.8652 
sw061b002_14375 5 0.8612744 0.3578524 0.2790829 0.1146942 0.1096449 0 0 0 0 0 0 0 0 0 0 0 0 0 0 0 0 0 0 0 0 0 0 0 0 3 14420.5797 
sw061b002_14375 5 1.02805 0.3332667 0.3425333 0.1819917 0.1702583 0 0 0 0 0 0 0 0 0 0 0 0 0 0 0 0 0 0 0 0 0 0 0 0 1 14422.2446 
sw061b002_14375 5 0.9581349 0.3498839 0.3025849 0.1493784 0.1562877 0 0 0 0 0 0 0 0 0 0 0 0 0 0 0 0 0 0 0 0 0 0 0 0 3 14424.2075 
sw061b002_14375 5 1.1416667 0.3991333 0.393225 0.1751667 0.1741417 0 0 0 0 0 0 0 0 0 0 0 0 0 0 0 0 0 0 0 0 0 0 0 0 1 14428.2709 
sw061b002_14375 5 0.9748676 0.3120215 0.3319695 0.1810418 0.1498348 0 0 0 0 0 0 0 0 0 0 0 0 0 0 0 0 0 0 0 0 0 0 0 0 2 14428.7074 
sw061b002_14375 5 0.8134845 0.2942788 0.2484177 0.1554982 0.1152898 0 0 0 0 0 0 0 0 0 0 0 0 0 0 0 0 0 0 0 0 0 0 0 0 3 14430.9113 
sw061b002_14375 5 0.9180026 0.3183013 0.281997 0.1654761 0.1522282 0 0 0 0 0 0 0 0 0 0 0 0 0 0 0 0 0 0 0 0 0 0 0 0 2 14432.6108 
sw061b002_14375 5 1.067875 0.3916333 0.3656346 0.1515154 0.1590917 0 0 0 0 0 0 0 0 0 0 0 0 0 0 0 0 0 0 0 0 0 0 0 0 1 14432.6426 
sw061b002_14375 5 0.7934845 0.2654899 0.2541492 0.1569639 0.1168815 0 0 0 0 0 0 0 0 0 0 0 0 0 0 0 0 0 0 0 0 0 0 0 0 3 14433.8524 
sw061b002_14375 5 1.0001916 0.350775 0.3216086 0.1854247 0.1423833 0 0 0 0 0 0 0 0 0 0 0 0 0 0 0 0 0 0 0 0 0 0 0 0 1 14435.9423 
sw061b002_14375 5 0.8758395 0.2788753 0.2647531 0.1834506 0.1487605 0 0 0 0 0 0 0 0 0 0 0 0 0 0 0 0 0 0 0 0 0 0 0 0 2 14436.0927 
sw061b002_14375 5 0.8260566 0.2832072 0.2428659 0.1468377 0.1531458 0 0 0 0 0 0 0 0 0 0 0 0 0 0 0 0 0 0 0 0 0 0 0 0 3 14436.9928 
sw061b002_14375 5 0.9890667 0.3471333 0.3459334 0.1470666 0.1489334 0 0 0 0 0 0 0 0 0 0 0 0 0 0 0 0 0 0 0 0 0 0 0 0 1 14439.324 
sw061b002_14375 5 0.8978459 0.2222415 0.3464681 0.1586771 0.1704592 0 0 0 0 0 0 0 0 0 0 0 0 0 0 0 0 0 0 0 0 0 0 0 0 2 14439.4043 
sw061b002_14375 5 0.7086997 0.2209467 0.1813835 0.1447078 0.1616617 0 0 0 0 0 0 0 0 0 0 0 0 0 0 0 0 0 0 0 0 0 0 0 0 3 14441.1119 
sw061b002_14375 5 0.9768084 0.339875 0.3000167 0.184625 0.1522917 0 0 0 0 0 0 0 0 0 0 0 0 0 0 0 0 0 0 0 0 0 0 0 0 1 14442.7462 
sw061b002_14375 5 0.8339171 0.2505273 0.2672276 0.1716662 0.144496 0 0 0 0 0 0 0 0 0 0 0 0 0 0 0 0 0 0 0 0 0 0 0 0 2 14442.8988 
sw061b002_14375 14 0.4572737 0.0233175 0.0643438 0.0433925 0.0363679 0.0323595 0.0367092 0.0342008 0.0310758 0.0313847 0.0297756 0.0305842 0.031968 0.0317942 0 0 0 0 0 0 0 0 0 0 0 0 0 0 0 3 14444.393 
sw061b002_14375 5 0.98795 0.3358 0.3161 0.1766334 0.1594166 0 0 0 0 0 0 0 0 0 0 0 0 0 0 0 0 0 0 0 0 0 0 0 0 1 14446.3369 
sw061b002_14375 5 1.0551777 0.3722541 0.3477778 0.1653984 0.1697474 0 0 0 0 0 0 0 0 0 0 0 0 0 0 0 0 0 0 0 0 0 0 0 0 2 14450.2942 
sw061b002_14375 5 0.989875 0.3402416 0.313825 0.1844584 0.15135 0 0 0 0 0 0 0 0 0 0 0 0 0 0 0 0 0 0 0 0 0 0 0 0 1 14450.4089 
sw061b002_14375 5 0.946386 0.384236 0.2823918 0.1495795 0.1301787 0 0 0 0 0 0 0 0 0 0 0 0 0 0 0 0 0 0 0 0 0 0 0 0 3 14452.5625 
sw061b002_14375 5 1.0174917 0.35935 0.3282667 0.1841083 0.1457667 0 0 0 0 0 0 0 0 0 0 0 0 0 0 0 0 0 0 0 0 0 0 0 0 1 14454.2253 
sw061b002_14375 5 1.0005395 0.3626767 0.3184337 0.1701426 0.1492865 0 0 0 0 0 0 0 0 0 0 0 0 0 0 0 0 0 0 0 0 0 0 0 0 2 14454.5098 
sw061b002_14375 5 0.8075187 0.3170959 0.2321412 0.1256945 0.1325871 0 0 0 0 0 0 0 0 0 0 0 0 0 0 0 0 0 0 0 0 0 0 0 0 3 14458.0823 
sw061b002_14375 5 1.0194829 0.3612412 0.3598917 0.14625 0.1521 0 0 0 0 0 0 0 0 0 0 0 0 0 0 0 0 0 0 0 0 0 0 0 0 1 14458.098 
sw061b002_14375 5 1.0204971 0.3497907 0.3260545 0.1917675 0.1528844 0 0 0 0 0 0 0 0 0 0 0 0 0 0 0 0 0 0 0 0 0 0 0 0 2 14458.5681 
sw061b002_14375 5 1.0295 0.3737583 0.3340417 0.1630083 0.1586917 0 0 0 0 0 0 0 0 0 0 0 0 0 0 0 0 0 0 0 0 0 0 0 0 1 14461.9152 
sw061b002_14375 5 0.9662924 0.3334625 0.3072141 0.1836976 0.1419182 0 0 0 0 0 0 0 0 0 0 0 0 0 0 0 0 0 0 0 0 0 0 0 0 2 14462.4335 
sw061b002_14375 5 1.0022666 0.347075 0.3289916 0.1713667 0.1548333 0 0 0 0 0 0 0 0 0 0 0 0 0 0 0 0 0 0 0 0 0 0 0 0 1 14465.583 
sw061b002_14375 5 0.9838392 0.346569 0.3185535 0.1671205 0.1515962 0 0 0 0 0 0 0 0 0 0 0 0 0 0 0 0 0 0 0 0 0 0 0 0 2 14465.8685 
sw061b002_14375 5 0.9863833 0.34915 0.3069583 0.1676167 0.1626583 0 0 0 0 0 0 0 0 0 0 0 0 0 0 0 0 0 0 0 0 0 0 0 0 1 14469.187 
sw061b002_14375 5 0.9736854 0.333701 0.3159896 0.1816364 0.1423584 0 0 0 0 0 0 0 0 0 0 0 0 0 0 0 0 0 0 0 0 0 0 0 0 2 14469.5575 
sw061b002_14375 6 1.104425 0.3604833 0.33685 0.119 0.1240667 0.164025 0 0 0 0 0 0 0 0 0 0 0 0 0 0 0 0 0 0 0 0 0 0 0 1 14472.8841 
sw061b002_14375 5 0.9956919 0.3557458 0.3231661 0.1666282 0.1501518 0 0 0 0 0 0 0 0 0 0 0 0 0 0 0 0 0 0 0 0 0 0 0 0 2 14473.1842 
sw061b002_14375 5 1.0169916 0.3523333 0.325725 0.1684083 0.170525 0 0 0 0 0 0 0 0 0 0 0 0 0 0 0 0 0 0 0 0 0 0 0 0 2 14477.2354 
sw061b002_14375 5 1.14084 0.4066554 0.3861102 0.1479873 0.2000871 0 0 0 0 0 0 0 0 0 0 0 0 0 0 0 0 0 0 0 0 0 0 0 0 3 14478.1254 
sw061b002_14375 6 1.0008667 0.3369667 0.0955833 0.2382334 0.175075 0.1550083 0 0 0 0 0 0 0 0 0 0 0 0 0 0 0 0 0 0 0 0 0 0 0 2 14481.275 
sw061b002_14375 5 1.3031714 0.4663379 0.4482635 0.1970387 0.1915313 0 0 0 0 0 0 0 0 0 0 0 0 0 0 0 0 0 0 0 0 0 0 0 0 3 14482.584 
sw061b002_14375 5 1.0454083 0.3753917 0.314025 0.209 0.1469916 0 0 0 0 0 0 0 0 0 0 0 0 0 0 0 0 0 0 0 0 0 0 0 0 2 14485.2122 
sw061b002_14375 5 1.0260756 0.3573244 0.3260532 0.1761452 0.1665528 0 0 0 0 0 0 0 0 0 0 0 0 0 0 0 0 0 0 0 0 0 0 0 0 3 14486.0092 
sw061b002_14375 6 1.7105834 0.6648417 0.3605583 0.3549334 0.1770416 0.1532084 0 0 0 0 0 0 0 0 0 0 0 0 0 0 0 0 0 0 0 0 0 0 0 2 14488.4983 
sw061b002_14375 5 0.9515941 0.3153839 0.3057334 0.1776643 0.1528125 0 0 0 0 0 0 0 0 0 0 0 0 0 0 0 0 0 0 0 0 0 0 0 0 3 14490.4439 
sw061b002_14375 5 1.2771114 0.4396378 0.4633303 0.1814719 0.1926714 0 0 0 0 0 0 0 0 0 0 0 0 0 0 0 0 0 0 0 0 0 0 0 0 4 14490.6254 
sw061b002_14375 5 1.0967789 0.3797756 0.3693996 0.1935588 0.1540449 0 0 0 0 0 0 0 0 0 0 0 0 0 0 0 0 0 0 0 0 0 0 0 0 2 14493.2286 
sw061b002_14375 6 1.189125 0.424775 0.3883387 0.1060553 0.1172355 0.1527205 0 0 0 0 0 0 0 0 0 0 0 0 0 0 0 0 0 0 0 0 0 0 0 1 14493.3155 
sw061b002_14375 7 1.375472 0.4575102 0.338354 0.1181045 0.1359689 0.1525866 0.1729478 0 0 0 0 0 0 0 0 0 0 0 0 0 0 0 0 0 0 0 0 0 0 3 14496.9876 
sw061b002_14375 4 1.0451701 0.3713569 0.3496381 0.3241751 0 0 0 0 0 0 0 0 0 0 0 0 0 0 0 0 0 0 0 0 0 0 0 0 0 4 14498.1046 
sw061b002_14375 6 1.1713916 0.4049666 0.3635917 0.1173333 0.1234334 0.1620666 0 0 0 0 0 0 0 0 0 0 0 0 0 0 0 0 0 0 0 0 0 0 0 1 14498.6495 
sw061b002_14375 5 0.9379677 0.313278 0.2907871 0.1647523 0.1691503 0 0 0 0 0 0 0 0 0 0 0 0 0 0 0 0 0 0 0 0 0 0 0 0 2 14501.178 
sw061b002_14375 5 1.0546962 0.376926 0.3478277 0.1872003 0.1427422 0 0 0 0 0 0 0 0 0 0 0 0 0 0 0 0 0 0 0 0 0 0 0 0 3 14501.1944 
sw061b002_14375 4 0.9676584 0.3330419 0.3228159 0.3118006 0 0 0 0 0 0 0 0 0 0 0 0 0 0 0 0 0 0 0 0 0 0 0 0 0 4 14502.8692 
sw061b002_14375 5 0.8131458 0.2657536 0.2239559 0.1740247 0.1494116 0 0 0 0 0 0 0 0 0 0 0 0 0 0 0 0 0 0 0 0 0 0 0 0 2 14503.2945 
sw061b002_14375 5 0.9274173 0.3047609 0.3088609 0.1706569 0.1431386 0 0 0 0 0 0 0 0 0 0 0 0 0 0 0 0 0 0 0 0 0 0 0 0 5 14504.495 
sw061b002_14375 5 0.7838154 0.2488118 0.2135214 0.1637719 0.1577103 0 0 0 0 0 0 0 0 0 0 0 0 0 0 0 0 0 0 0 0 0 0 0 0 6 14505.4865 
sw061b002_14375 16 0.9904333 0.0408333 0.0560584 0.05365 0.0483735 0.0442816 0.0428199 0.043675 0.0462583 0.047975 0.0469667 0.0538 0.06315 0.08375 0.135975 0.1828666 0 0 0 0 0 0 0 0 0 0 0 0 0 1 14507.0346 
sw061b002_14375 5 0.8656621 0.2772043 0.2649638 0.1621846 0.1613094 0 0 0 0 0 0 0 0 0 0 0 0 0 0 0 0 0 0 0 0 0 0 0 0 2 14507.261 
sw061b002_14375 17 1.0638666 0.0406166 0.0437917 0.049575 0.0497333 0.0448 0.0468084 0.0454166 0.0443084 0.0479416 0.0475917 0.05385 0.05525 0.0686083 0.0904917 0.1223333 0.21275 0 0 0 0 0 0 0 0 0 0 0 0 1 14509.4001 
sw061b002_14375 18 1.0523917 0.0326667 0.043025 0.0429667 0.0414833 0.0410583 0.0443334 0.0414666 0.0457834 0.0487333 0.0447417 0.050425 0.0547 0.06335 0.0884 0.1068833 0.129425 0.13295 0 0 0 0 0 0 0 0 0 0 0 1 14510.78952 
sw061b002_14375 5 0.1871083 0.039675 0.0485833 0.0517 0.04715 0 0 0 0 0 0 0 0 0 0 0 0 0 0 0 0 0 0 0 0 0 0 0 0 1 14512.2344 
sw061b002_14375 4 0.81994 0.2815124 0.2685978 0.2698298 0 0 0 0 0 0 0 0 0 0 0 0 0 0 0 0 0 0 0 0 0 0 0 0 0 4 14513.5299 
sw061b002_14375 18 0.9977584 0.0361334 0.0399166 0.0433 0.04345 0.0408167 0.0442083 0.04215 0.0408584 0.0430416 0.0422834 0.0454916 0.0478667 0.0528833 0.061375 0.085125 0.1182 0.1706584 0 0 0 0 0 0 0 0 0 0 0 1 14515.3221 
sw061b002_14375 4 0.7915061 0.2677805 0.2603241 0.2634015 0 0 0 0 0 0 0 0 0 0 0 0 0 0 0 0 0 0 0 0 0 0 0 0 0 4 14516.8462 
sw061b002_14375 5 0.7939987 0.252381 0.2476236 0.158617 0.1353771 0 0 0 0 0 0 0 0 0 0 0 0 0 0 0 0 0 0 0 0 0 0 0 0 2 14517.8356 
sw061b002_14375 18 1.026075 0.0343583 0.0392584 0.050025 0.0434666 0.0410334 0.041025 0.0425416 0.041575 0.0424584 0.04385 0.045925 0.050275 0.0573916 0.0692167 0.0933833 0.1154334 0.1748583 0 0 0 0 0 0 0 0 0 0 0 1 14518.718 
sw061b002_14375 4 0.7804264 0.262694 0.2593431 0.2583893 0 0 0 0 0 0 0 0 0 0 0 0 0 0 0 0 0 0 0 0 0 0 0 0 0 4 14519.9181 
sw061b002_14375 5 0.805409 0.2532597 0.2485339 0.1627817 0.1408337 0 0 0 0 0 0 0 0 0 0 0 0 0 0 0 0 0 0 0 0 0 0 0 0 2 14520.6601 
sw061b002_14375 19 1.018275 0.0319833 0.03415 0.0457667 0.04885 0.0435 0.0391917 0.041325 0.0403916 0.041425 0.044775 0.0445167 0.045375 0.0484 0.05185 0.06505 0.0862417 0.10555 0.1599333 0 0 0 0 0 0 0 0 0 0 1 14521.9157 
sw061b002_14375 4 0.7640217 0.2495124 0.2546091 0.2599002 0 0 0 0 0 0 0 0 0 0 0 0 0 0 0 0 0 0 0 0 0 0 0 0 0 4 14523.5637 
sw061b002_14375 18 1.03945 0.0332667 0.0373583 0.0465417 0.0451583 0.043025 0.0415917 0.0408416 0.0396 0.042625 0.0431084 0.0435333 0.0480917 0.0565916 0.072925 0.1033917 0.129225 0.172575 0 0 0 0 0 0 0 0 0 0 0 1 14525.3931 
sw061b002_14375 5 0.8169206 0.2764763 0.2472727 0.1515007 0.1416709 0 0 0 0 0 0 0 0 0 0 0 0 0 0 0 0 0 0 0 0 0 0 0 0 3 14526.0754 
sw061b002_14375 4 0.7468285 0.2393008 0.2593596 0.2481681 0 0 0 0 0 0 0 0 0 0 0 0 0 0 0 0 0 0 0 0 0 0 0 0 0 4 14526.7507 
sw061b002_14375 19 1.07145 0.038425 0.0421417 0.0489417 0.0471416 0.042 0.0419167 0.0401583 0.0389 0.040375 0.0401084 0.0411833 0.042475 0.04775 0.0541917 0.0658083 0.0914083 0.1286 0.179925 0 0 0 0 0 0 0 0 0 0 1 14528.5122 
sw061b002_14375 4 0.7347783 0.2406472 0.2429137 0.2512174 0 0 0 0 0 0 0 0 0 0 0 0 0 0 0 0 0 0 0 0 0 0 0 0 0 4 14530.1014 
sw061b002_14375 6 1.0057167 0.2839417 0.2893666 0.1408084 0.1269416 0.1646584 0 0 0 0 0 0 0 0 0 0 0 0 0 0 0 0 0 0 0 0 0 0 0 1 14531.9386 
sw061b002_14375 5 0.774373 0.2401049 0.2639572 0.1438996 0.1264113 0 0 0 0 0 0 0 0 0 0 0 0 0 0 0 0 0 0 0 0 0 0 0 0 2 14532.3654 
sw061b002_14375 4 0.745663 0.2509382 0.242582 0.2521428 0 0 0 0 0 0 0 0 0 0 0 0 0 0 0 0 0 0 0 0 0 0 0 0 0 4 14533.0134 
sw061b002_14375 5 0.8042204 0.2623803 0.2622639 0.1520006 0.1275756 0 0 0 0 0 0 0 0 0 0 0 0 0 0 0 0 0 0 0 0 0 0 0 0 2 14535.5188 
sw061b002_14375 5 0.8137333 0.2463167 0.2761333 0.1684 0.1228833 0 0 0 0 0 0 0 0 0 0 0 0 0 0 0 0 0 0 0 0 0 0 0 0 1 14535.6927 
sw061b002_14375 4 0.7272572 0.2364417 0.2369429 0.2538726 0 0 0 0 0 0 0 0 0 0 0 0 0 0 0 0 0 0 0 0 0 0 0 0 0 4 14536.033 
sw061b002_14375 5 0.8447039 0.2992346 0.2629971 0.1441257 0.1383465 0 0 0 0 0 0 0 0 0 0 0 0 0 0 0 0 0 0 0 0 0 0 0 0 3 14536.4045 
sw061b002_14375 5 0.8246416 0.2442322 0.2397785 0.2009986 0.1396323 0 0 0 0 0 0 0 0 0 0 0 0 0 0 0 0 0 0 0 0 0 0 0 0 2 14539.0886 
sw061b002_14375 5 0.8048833 0.2487667 0.2611333 0.1665833 0.1284 0 0 0 0 0 0 0 0 0 0 0 0 0 0 0 0 0 0 0 0 0 0 0 0 1 14539.1084 
sw061b002_14375 6 0.8588481 0.2518553 0.2652727 0.1461454 0.1203863 0.0751884 0 0 0 0 0 0 0 0 0 0 0 0 0 0 0 0 0 0 0 0 0 0 0 3 14539.1742 
sw061b002_14375 5 0.7990123 0.2440299 0.2660929 0.1549698 0.1339197 0 0 0 0 0 0 0 0 0 0 0 0 0 0 0 0 0 0 0 0 0 0 0 0 2 14542.4012 
sw061b002_14375 4 0.7302047 0.2440012 0.2440785 0.242125 0 0 0 0 0 0 0 0 0 0 0 0 0 0 0 0 0 0 0 0 0 0 0 0 0 4 14542.5104 
sw061b002_14375 5 0.806575 0.2542667 0.2698416 0.1665334 0.1159333 0 0 0 0 0 0 0 0 0 0 0 0 0 0 0 0 0 0 0 0 0 0 0 0 1 14542.9113 
sw061b002_14375 4 0.7482953 0.2509607 0.2391191 0.2582155 0 0 0 0 0 0 0 0 0 0 0 0 0 0 0 0 0 0 0 0 0 0 0 0 0 4 14545.5251 
sw061b002_14375 5 0.7989152 0.2552738 0.2602423 0.1494175 0.1339816 0 0 0 0 0 0 0 0 0 0 0 0 0 0 0 0 0 0 0 0 0 0 0 0 2 14545.5448 
sw061b002_14375 5 0.7763913 0.2339346 0.2609511 0.1552465 0.1262591 0 0 0 0 0 0 0 0 0 0 0 0 0 0 0 0 0 0 0 0 0 0 0 0 2 14548.7017 
sw061b002_14375 4 0.7579845 0.2546875 0.249362 0.253935 0 0 0 0 0 0 0 0 0 0 0 0 0 0 0 0 0 0 0 0 0 0 0 0 0 4 14549.0008 
sw061b002_14375 5 0.8252396 0.2494167 0.2724512 0.1673236 0.1360481 0 0 0 0 0 0 0 0 0 0 0 0 0 0 0 0 0 0 0 0 0 0 0 0 2 14552.242 
sw061b002_14375 4 0.7769746 0.2595073 0.2519411 0.2655262 0 0 0 0 0 0 0 0 0 0 0 0 0 0 0 0 0 0 0 0 0 0 0 0 0 4 14552.5999 
sw061b002_14375 5 0.5566426 0.1393345 0.1420651 0.1412184 0.1340246 0 0 0 0 0 0 0 0 0 0 0 0 0 0 0 0 0 0 0 0 0 0 0 0 2 14555.8694 
sw061b002_14375 4 0.7816633 0.2579585 0.259729 0.2639758 0 0 0 0 0 0 0 0 0 0 0 0 0 0 0 0 0 0 0 0 0 0 0 0 0 3 14556.0914 
sw061b002_14375 5 0.525226 0.1295523 0.1333168 0.1234345 0.1389224 0 0 0 0 0 0 0 0 0 0 0 0 0 0 0 0 0 0 0 0 0 0 0 0 2 14559.1611 
sw061b002_14375 4 0.8051695 0.2717674 0.263183 0.2702191 0 0 0 0 0 0 0 0 0 0 0 0 0 0 0 0 0 0 0 0 0 0 0 0 0 3 14559.6282 
