sw061b002 5 1.15851 0.4471433 0.3877574 0.156308 0.1673013 0 0 0 0 0 0 0 0 0 0 0 0 0 0 0 0 0 0 0 0 0 0 0 0 2 14572.8078 
sw061b002 4 1.1834322 0.429719 0.3879677 0.3657455 0 0 0 0 0 0 0 0 0 0 0 0 0 0 0 0 0 0 0 0 0 0 0 0 0 3 14576.5054 
sw061b002 4 1.1707644 0.4156703 0.3911177 0.3639764 0 0 0 0 0 0 0 0 0 0 0 0 0 0 0 0 0 0 0 0 0 0 0 0 0 3 14580.083 
sw061b002 4 1.152117 0.4099286 0.3829725 0.3592159 0 0 0 0 0 0 0 0 0 0 0 0 0 0 0 0 0 0 0 0 0 0 0 0 0 3 14583.4949 
sw061b002 6 1.3721511 0.4906409 0.4057751 0.1397709 0.16446 0.1715042 0 0 0 0 0 0 0 0 0 0 0 0 0 0 0 0 0 0 0 0 0 0 0 2 14584.0793 
sw061b002 4 1.1339197 0.4127493 0.3732112 0.3479592 0 0 0 0 0 0 0 0 0 0 0 0 0 0 0 0 0 0 0 0 0 0 0 0 0 3 14587.4152 
sw061b002 4 1.0436344 0.3719378 0.3381275 0.3335691 0 0 0 0 0 0 0 0 0 0 0 0 0 0 0 0 0 0 0 0 0 0 0 0 0 3 14592.2145 
sw061b002 4 0.9628565 0.3295949 0.31552 0.3177416 0 0 0 0 0 0 0 0 0 0 0 0 0 0 0 0 0 0 0 0 0 0 0 0 0 3 14598.2057 
sw061b002 4 0.9272592 0.3158004 0.3077912 0.3036676 0 0 0 0 0 0 0 0 0 0 0 0 0 0 0 0 0 0 0 0 0 0 0 0 0 3 14602.2139 
sw061b002 8 1.4512667 0.4559833 0.34825 0.1210584 0.1232666 0.11585 0.1189167 0.1679417 0 0 0 0 0 0 0 0 0 0 0 0 0 0 0 0 0 0 0 0 0 2 14614.0617 
sw061b002 4 1.0187518 0.3453363 0.3427621 0.3306534 0 0 0 0 0 0 0 0 0 0 0 0 0 0 0 0 0 0 0 0 0 0 0 0 0 3 14618.5953 
sw061b002 4 0.9753956 0.3294689 0.3195827 0.326344 0 0 0 0 0 0 0 0 0 0 0 0 0 0 0 0 0 0 0 0 0 0 0 0 0 3 14622.5006 
sw061b002 4 0.9370036 0.3169711 0.3140543 0.3059782 0 0 0 0 0 0 0 0 0 0 0 0 0 0 0 0 0 0 0 0 0 0 0 0 0 3 14626.3338 
sw061b002 4 0.9211486 0.3079114 0.3103789 0.3028583 0 0 0 0 0 0 0 0 0 0 0 0 0 0 0 0 0 0 0 0 0 0 0 0 0 3 14630.366 
sw061b002 5 0.9815432 0.3443598 0.3449917 0.134725 0.1574667 0 0 0 0 0 0 0 0 0 0 0 0 0 0 0 0 0 0 0 0 0 0 0 0 1 14631.5492 
sw061b002 4 0.8836035 0.2828806 0.3000345 0.3006884 0 0 0 0 0 0 0 0 0 0 0 0 0 0 0 0 0 0 0 0 0 0 0 0 0 3 14633.8597 
sw061b002 5 0.9749583 0.3305833 0.3228667 0.1638 0.1577083 0 0 0 0 0 0 0 0 0 0 0 0 0 0 0 0 0 0 0 0 0 0 0 0 1 14636.2519 
sw061b002 4 0.8700203 0.2801183 0.294143 0.295759 0 0 0 0 0 0 0 0 0 0 0 0 0 0 0 0 0 0 0 0 0 0 0 0 0 3 14637.519 
sw061b002 5 0.9544916 0.3275 0.3160416 0.1512334 0.1597166 0 0 0 0 0 0 0 0 0 0 0 0 0 0 0 0 0 0 0 0 0 0 0 0 1 14640.2482 
sw061b002 5 0.926875 0.3134083 0.3031917 0.1649916 0.1452834 0 0 0 0 0 0 0 0 0 0 0 0 0 0 0 0 0 0 0 0 0 0 0 0 1 14643.7005 
sw061b002 4 1.1449065 0.3758801 0.4087932 0.3602332 0 0 0 0 0 0 0 0 0 0 0 0 0 0 0 0 0 0 0 0 0 0 0 0 0 3 14651.0934 
sw061b002 4 1.154544 0.395602 0.3755019 0.3834401 0 0 0 0 0 0 0 0 0 0 0 0 0 0 0 0 0 0 0 0 0 0 0 0 0 3 14663.5961 
sw061b002 15 1.4458833 0.0658333 0.1093833 0.1103417 0.1074333 0.102025 0.0880834 0.09175 0.0978666 0.1065917 0.1094 0.1053667 0.10965 0.114225 0.1279333 0 0 0 0 0 0 0 0 0 0 0 0 0 0 2 14732.7054 
sw061b002 5 1.0260833 0.360675 0.3483166 0.1536834 0.1634083 0 0 0 0 0 0 0 0 0 0 0 0 0 0 0 0 0 0 0 0 0 0 0 0 1 14738.1523 
sw061b002 5 1.0279584 0.3479917 0.3391333 0.1600167 0.1808167 0 0 0 0 0 0 0 0 0 0 0 0 0 0 0 0 0 0 0 0 0 0 0 0 1 14742.2395 
sw061b002 19 1.0997912 0.1170089 0.0386605 0.0476367 0.0442155 0.0437211 0.0430509 0.0436415 0.0407309 0.0394807 0.0454652 0.0453438 0.0472903 0.0475807 0.0574176 0.058695 0.0762116 0.1088864 0.1547539 0 0 0 0 0 0 0 0 0 0 4 14753.6178 
sw061b002 5 0.7491652 0.1856808 0.2376602 0.1600086 0.1658156 0 0 0 0 0 0 0 0 0 0 0 0 0 0 0 0 0 0 0 0 0 0 0 0 3 14754.0759 
sw061b002 5 0.6566822 0.1852872 0.170872 0.1526728 0.1478502 0 0 0 0 0 0 0 0 0 0 0 0 0 0 0 0 0 0 0 0 0 0 0 0 2 14755.9234 
sw061b002 4 0.9741236 0.3360907 0.3139339 0.324099 0 0 0 0 0 0 0 0 0 0 0 0 0 0 0 0 0 0 0 0 0 0 0 0 0 5 14756.7761 
sw061b002 5 1.0542667 0.3689834 0.36555 0.1527166 0.1670167 0 0 0 0 0 0 0 0 0 0 0 0 0 0 0 0 0 0 0 0 0 0 0 0 1 14757.9491 
sw061b002 20 1.0567931 0.1020778 0.0647843 0.0515787 0.0423037 0.0388973 0.0410917 0.0426398 0.0000019 0.0429722 0.0424797 0.043662 0.0483741 0.0488825 0.0530935 0.0590445 0.0599185 0.0673843 0.0815315 0.1260751 0 0 0 0 0 0 0 0 0 3 14760.1563 
sw061b002 5 0.8600301 0.2673048 0.2588427 0.1640214 0.1698612 0 0 0 0 0 0 0 0 0 0 0 0 0 0 0 0 0 0 0 0 0 0 0 0 2 14760.3358 
sw061b002 4 0.9248544 0.3102988 0.3052611 0.3092945 0 0 0 0 0 0 0 0 0 0 0 0 0 0 0 0 0 0 0 0 0 0 0 0 0 2 14762.1248 
sw061b002 5 0.8144706 0.2679842 0.2306518 0.1644185 0.1514161 0 0 0 0 0 0 0 0 0 0 0 0 0 0 0 0 0 0 0 0 0 0 0 0 3 14763.5141 
sw061b002 4 0.8499348 0.2729218 0.2915162 0.2854968 0 0 0 0 0 0 0 0 0 0 0 0 0 0 0 0 0 0 0 0 0 0 0 0 0 4 14764.6764 
sw061b002 17 1.1178333 0.037775 0.04105 0.046675 0.0624083 0.0511 0.0509417 0.0511833 0.04415 0.0518583 0.048925 0.0513584 0.0574916 0.06755 0.0987667 0.1499417 0.2066583 0 0 0 0 0 0 0 0 0 0 0 0 1 14765.9218 
sw061b002 17 1.1304916 0.0345833 0.0353667 0.0375833 0.048725 0.0472083 0.0532417 0.0432578 0.0455105 0.0511484 0.0457 0.0486666 0.10025 0.0674584 0.0875833 0.14685 0.2373583 0 0 0 0 0 0 0 0 0 0 0 0 1 14769.7857 
sw061b002 4 0.5310192 0.2059227 0.1609379 0.1641586 0 0 0 0 0 0 0 0 0 0 0 0 0 0 0 0 0 0 0 0 0 0 0 0 0 2 14770.1029 
sw061b002 19 1.0857417 0.0379083 0.040025 0.0518667 0.048375 0.0508 0.044875 0.0430167 0.0388583 0.044625 0.04295 0.044625 0.04575 0.0496833 0.0585334 0.0762666 0.099125 0.114525 0.1539334 0 0 0 0 0 0 0 0 0 0 1 14772.0434 
sw061b002 20 1.1500417 0.0306834 0.0330583 0.0417333 0.04775 0.044525 0.0471167 0.0421333 0.041725 0.0409417 0.0426667 0.0432916 0.04495 0.04775 0.05425 0.0574084 0.0721166 0.0979417 0.1216583 0.1983417 0 0 0 0 0 0 0 0 0 1 14775.4042 
sw061b002 20 1.0816 0.0317917 0.032625 0.0398667 0.047525 0.0509916 0.0474334 0.0404916 0.0400917 0.0409167 0.0413333 0.0422833 0.0433 0.0439 0.049675 0.052475 0.0650584 0.08885 0.112375 0.1706166 0 0 0 0 0 0 0 0 0 1 14778.2567 
sw061b002 20 1.1004833 0.0317 0.0364917 0.0331333 0.0488417 0.042825 0.04565 0.039 0.0381416 0.0386084 0.0416916 0.0412917 0.0433583 0.0438417 0.0508 0.0597167 0.0771583 0.0977583 0.1227084 0.1677666 0 0 0 0 0 0 0 0 0 1 14780.9911 
sw061b002 19 1.0119666 0.0329666 0.0345834 0.0344583 0.0477667 0.0420583 0.0477833 0.0393667 0.03905 0.045825 0.0416 0.0473417 0.0438916 0.04445 0.0483834 0.0558916 0.0757334 0.1070333 0.1837833 0 0 0 0 0 0 0 0 0 0 1 14784.1483 
sw061b002 4 0.7375622 0.2420866 0.242346 0.2531296 0 0 0 0 0 0 0 0 0 0 0 0 0 0 0 0 0 0 0 0 0 0 0 0 0 2 14784.8851 
sw061b002 4 0.7348552 0.2410884 0.2384457 0.2553211 0 0 0 0 0 0 0 0 0 0 0 0 0 0 0 0 0 0 0 0 0 0 0 0 0 3 14784.9573 
sw061b002 5 0.8390417 0.2732584 0.271475 0.1447833 0.149525 0 0 0 0 0 0 0 0 0 0 0 0 0 0 0 0 0 0 0 0 0 0 0 0 1 14787.9498 
sw061b002 4 0.753879 0.2379114 0.2579255 0.2580421 0 0 0 0 0 0 0 0 0 0 0 0 0 0 0 0 0 0 0 0 0 0 0 0 0 2 14788.1255 
sw061b002 4 0.7426263 0.2439484 0.2453228 0.2533551 0 0 0 0 0 0 0 0 0 0 0 0 0 0 0 0 0 0 0 0 0 0 0 0 0 3 14788.5877 
sw061b002 6 0.9022667 0.2299834 0.1940916 0.2200084 0.1137083 0.144475 0 0 0 0 0 0 0 0 0 0 0 0 0 0 0 0 0 0 0 0 0 0 0 1 14791.0362 
sw061b002 4 0.7919697 0.2474222 0.2759636 0.2685839 0 0 0 0 0 0 0 0 0 0 0 0 0 0 0 0 0 0 0 0 0 0 0 0 0 2 14792.1805 
sw061b002 5 0.7851834 0.2371667 0.1890167 0.2235583 0.1354417 0 0 0 0 0 0 0 0 0 0 0 0 0 0 0 0 0 0 0 0 0 0 0 0 1 14793.7828 
sw061b002 4 0.8035371 0.2578008 0.2683495 0.2773868 0 0 0 0 0 0 0 0 0 0 0 0 0 0 0 0 0 0 0 0 0 0 0 0 0 2 14795.4618 
sw061b002 5 0.7542584 0.1507084 0.3110083 0.145075 0.1474667 0 0 0 0 0 0 0 0 0 0 0 0 0 0 0 0 0 0 0 0 0 0 0 0 1 14796.356 
sw061b002 4 0.8265359 0.2809517 0.2684344 0.2771498 0 0 0 0 0 0 0 0 0 0 0 0 0 0 0 0 0 0 0 0 0 0 0 0 0 2 14798.765 
sw061b002 5 0.76985 0.213425 0.2496584 0.1654333 0.1413333 0 0 0 0 0 0 0 0 0 0 0 0 0 0 0 0 0 0 0 0 0 0 0 0 1 14799.7543 
sw061b002 4 0.8478031 0.2892581 0.2694145 0.2891305 0 0 0 0 0 0 0 0 0 0 0 0 0 0 0 0 0 0 0 0 0 0 0 0 0 2 14802.3158 
sw061b002 5 0.7580584 0.2124346 0.2372988 0.1766333 0.1316917 0 0 0 0 0 0 0 0 0 0 0 0 0 0 0 0 0 0 0 0 0 0 0 0 1 14802.6863 
sw061b002 5 0.775775 0.2123583 0.22225 0.19985 0.1413167 0 0 0 0 0 0 0 0 0 0 0 0 0 0 0 0 0 0 0 0 0 0 0 0 1 14804.9 
sw061b002 4 0.9739753 0.3336119 0.316848 0.3235154 0 0 0 0 0 0 0 0 0 0 0 0 0 0 0 0 0 0 0 0 0 0 0 0 0 2 14808.053 
sw061b002 5 0.7687 0.2197 0.2482667 0.175175 0.1255583 0 0 0 0 0 0 0 0 0 0 0 0 0 0 0 0 0 0 0 0 0 0 0 0 1 14808.8459 
sw061b002 5 0.7850166 0.219575 0.2546583 0.1887333 0.12205 0 0 0 0 0 0 0 0 0 0 0 0 0 0 0 0 0 0 0 0 0 0 0 0 1 14811.7428 
sw061b002 5 0.7852417 0.23805 0.256125 0.1745834 0.1164833 0 0 0 0 0 0 0 0 0 0 0 0 0 0 0 0 0 0 0 0 0 0 0 0 1 14816.0896 
sw061b002 4 0.9746389 0.3405247 0.3372344 0.2968798 0 0 0 0 0 0 0 0 0 0 0 0 0 0 0 0 0 0 0 0 0 0 0 0 0 2 14820.0452 
sw061b002 4 0.8335647 0.2716747 0.2821171 0.2797729 0 0 0 0 0 0 0 0 0 0 0 0 0 0 0 0 0 0 0 0 0 0 0 0 0 3 14820.2943 
sw061b002 5 0.8296416 0.2562583 0.255075 0.1828417 0.1354666 0 0 0 0 0 0 0 0 0 0 0 0 0 0 0 0 0 0 0 0 0 0 0 0 1 14821.1279 
sw061b002 4 0.8819159 0.2988472 0.2824363 0.3006324 0 0 0 0 0 0 0 0 0 0 0 0 0 0 0 0 0 0 0 0 0 0 0 0 0 2 14825.0252 
sw061b002 5 0.862775 0.261425 0.2734667 0.1884083 0.139475 0 0 0 0 0 0 0 0 0 0 0 0 0 0 0 0 0 0 0 0 0 0 0 0 1 14827.111 
sw061b002 4 0.8788253 0.2847666 0.2909275 0.3031312 0 0 0 0 0 0 0 0 0 0 0 0 0 0 0 0 0 0 0 0 0 0 0 0 0 2 14828.5285 
sw061b002 4 0.8716989 0.2901083 0.280722 0.3008686 0 0 0 0 0 0 0 0 0 0 0 0 0 0 0 0 0 0 0 0 0 0 0 0 0 2 14832.6594 
sw061b002 5 0.8768917 0.269925 0.2585 0.20155 0.1469167 0 0 0 0 0 0 0 0 0 0 0 0 0 0 0 0 0 0 0 0 0 0 0 0 1 14833.9625 
sw061b002 5 1.0886823 0.3186619 0.3415487 0.2491019 0.1793698 0 0 0 0 0 0 0 0 0 0 0 0 0 0 0 0 0 0 0 0 0 0 0 0 3 14834.9844 
sw061b002 5 1.1933053 0.293956 0.2773498 0.292465 0.3295345 0 0 0 0 0 0 0 0 0 0 0 0 0 0 0 0 0 0 0 0 0 0 0 0 2 14836.5935 
sw061b002 5 0.8805834 0.2724917 0.2768 0.1961583 0.1351334 0 0 0 0 0 0 0 0 0 0 0 0 0 0 0 0 0 0 0 0 0 0 0 0 1 14837.8233 
