sw078a001_848 5 0.9178718 0.3070322 0.308111 0.1511212 0.1516074 0 0 0 0 0 0 0 0 0 0 0 0 0 0 0 0 0 0 0 0 0 0 0 0 2 855.4842 
sw078a001_848 5 0.9922 0.374825 0.306475 0.1589084 0.1519916 0 0 0 0 0 0 0 0 0 0 0 0 0 0 0 0 0 0 0 0 0 0 0 0 1 855.7913 
sw078a001_848 5 0.8576044 0.2842104 0.2630534 0.155247 0.1550936 0 0 0 0 0 0 0 0 0 0 0 0 0 0 0 0 0 0 0 0 0 0 0 0 2 859.2654 
sw078a001_848 5 0.8677083 0.3020083 0.242125 0.1570917 0.1664833 0 0 0 0 0 0 0 0 0 0 0 0 0 0 0 0 0 0 0 0 0 0 0 0 1 859.6659 
sw078a001_848 5 0.8866917 0.2663417 0.3081 0.1585583 0.1536917 0 0 0 0 0 0 0 0 0 0 0 0 0 0 0 0 0 0 0 0 0 0 0 0 1 862.7423 
sw078a001_848 5 0.9235981 0.326746 0.2820263 0.1576858 0.15714 0 0 0 0 0 0 0 0 0 0 0 0 0 0 0 0 0 0 0 0 0 0 0 0 2 864.9621 
sw078a001_848 5 0.7822583 0.2329667 0.234925 0.1417333 0.1726333 0 0 0 0 0 0 0 0 0 0 0 0 0 0 0 0 0 0 0 0 0 0 0 0 1 865.4178 
sw078a001_848 5 0.6997833 0.2183666 0.20095 0.1355917 0.144875 0 0 0 0 0 0 0 0 0 0 0 0 0 0 0 0 0 0 0 0 0 0 0 0 1 870.2092 
sw078a001_848 5 0.9497891 0.3375999 0.3268307 0.1492033 0.1361552 0 0 0 0 0 0 0 0 0 0 0 0 0 0 0 0 0 0 0 0 0 0 0 0 2 870.5714 
sw078a001_848 5 0.799925 0.2368084 0.2564083 0.155875 0.1508333 0 0 0 0 0 0 0 0 0 0 0 0 0 0 0 0 0 0 0 0 0 0 0 0 1 874.1411 
sw078a001_848 5 0.9689138 0.3291385 0.309028 0.1658251 0.1649222 0 0 0 0 0 0 0 0 0 0 0 0 0 0 0 0 0 0 0 0 0 0 0 0 2 877.1331 
sw078a001_848 5 0.8991 0.2905833 0.3003584 0.1605416 0.1476167 0 0 0 0 0 0 0 0 0 0 0 0 0 0 0 0 0 0 0 0 0 0 0 0 1 878.212 
sw078a001_848 5 0.8900833 0.29195 0.265925 0.163175 0.1690333 0 0 0 0 0 0 0 0 0 0 0 0 0 0 0 0 0 0 0 0 0 0 0 0 1 882.381 
sw078a001_848 5 1.1693681 0.383351 0.4093245 0.1659187 0.2107739 0 0 0 0 0 0 0 0 0 0 0 0 0 0 0 0 0 0 0 0 0 0 0 0 2 885.9923 
sw078a001_848 5 1.1593907 0.373439 0.4118438 0.1654176 0.2086903 0 0 0 0 0 0 0 0 0 0 0 0 0 0 0 0 0 0 0 0 0 0 0 0 2 889.7424 
sw078a001_848 5 1.1157583 0.3913333 0.3807417 0.1783 0.1653833 0 0 0 0 0 0 0 0 0 0 0 0 0 0 0 0 0 0 0 0 0 0 0 0 1 891.5302 
sw078a001_848 5 1.1751097 0.3879448 0.4035333 0.1885443 0.1950873 0 0 0 0 0 0 0 0 0 0 0 0 0 0 0 0 0 0 0 0 0 0 0 0 2 894.7475 
sw078a001_848 5 1.1650167 0.404325 0.3874333 0.1862417 0.1870167 0 0 0 0 0 0 0 0 0 0 0 0 0 0 0 0 0 0 0 0 0 0 0 0 1 897.0332 
sw078a001_848 5 1.2515441 0.4378967 0.410491 0.2194919 0.1836645 0 0 0 0 0 0 0 0 0 0 0 0 0 0 0 0 0 0 0 0 0 0 0 0 2 901.2265 
sw078a001_848 5 1.2025666 0.4219583 0.4196833 0.1702084 0.1907166 0 0 0 0 0 0 0 0 0 0 0 0 0 0 0 0 0 0 0 0 0 0 0 0 1 902.9448 
sw078a001_848 5 1.2423598 0.4362536 0.4092349 0.2026005 0.1942708 0 0 0 0 0 0 0 0 0 0 0 0 0 0 0 0 0 0 0 0 0 0 0 0 2 906.3399 
sw078a001_848 5 1.1897917 0.424325 0.4032417 0.1773333 0.1848917 0 0 0 0 0 0 0 0 0 0 0 0 0 0 0 0 0 0 0 0 0 0 0 0 1 908.6351 
sw078a001_848 5 1.2307185 0.4527792 0.4028278 0.1815309 0.1935806 0 0 0 0 0 0 0 0 0 0 0 0 0 0 0 0 0 0 0 0 0 0 0 0 2 909.6399 
sw078a001_848 5 1.2604601 0.4451511 0.4361 0.1758214 0.2033876 0 0 0 0 0 0 0 0 0 0 0 0 0 0 0 0 0 0 0 0 0 0 0 0 2 921.5391 
sw078a001_848 5 1.303125 0.4448917 0.4493916 0.209475 0.1993667 0 0 0 0 0 0 0 0 0 0 0 0 0 0 0 0 0 0 0 0 0 0 0 0 1 922.9015 
sw078a001_848 5 1.1708831 0.4531395 0.391746 0.1589189 0.1670787 0 0 0 0 0 0 0 0 0 0 0 0 0 0 0 0 0 0 0 0 0 0 0 0 2 926.3569 
sw078a001_848 5 1.2896083 0.4476833 0.43415 0.194775 0.213 0 0 0 0 0 0 0 0 0 0 0 0 0 0 0 0 0 0 0 0 0 0 0 0 1 927.421 
sw078a001_848 5 1.19243 0.4312566 0.4103417 0.1618614 0.1889703 0 0 0 0 0 0 0 0 0 0 0 0 0 0 0 0 0 0 0 0 0 0 0 0 2 931.9403 
sw078a001_848 5 1.2745833 0.4437916 0.430225 0.2028 0.1977667 0 0 0 0 0 0 0 0 0 0 0 0 0 0 0 0 0 0 0 0 0 0 0 0 1 932.2073 
sw078a001_848 5 1.1653194 0.4444526 0.3835043 0.1859484 0.1514141 0 0 0 0 0 0 0 0 0 0 0 0 0 0 0 0 0 0 0 0 0 0 0 0 2 936.702 
sw078a001_848 6 1.4722416 0.466575 0.4575333 0.1626167 0.1648166 0.2207 0 0 0 0 0 0 0 0 0 0 0 0 0 0 0 0 0 0 0 0 0 0 0 1 942.7453 
sw078a001_848 5 1.2036509 0.4377336 0.3969717 0.1720585 0.1968871 0 0 0 0 0 0 0 0 0 0 0 0 0 0 0 0 0 0 0 0 0 0 0 0 2 947.1659 
sw078a001_848 6 1.447575 0.4515083 0.4228334 0.193675 0.1679416 0.2116167 0 0 0 0 0 0 0 0 0 0 0 0 0 0 0 0 0 0 0 0 0 0 0 1 949.1403 
sw078a001_848 5 1.2087998 0.4485778 0.4154753 0.1811062 0.1636405 0 0 0 0 0 0 0 0 0 0 0 0 0 0 0 0 0 0 0 0 0 0 0 0 2 952.0431 
sw078a001_848 9 1.8621824 0.4696166 0.414525 0.1357 0.1206417 0.1478667 0.1595583 0.1602833 0.2539908 0 0 0 0 0 0 0 0 0 0 0 0 0 0 0 0 0 0 0 0 1 954.9187 
sw078a001_848 8 1.350072 0.3794962 0.3630653 0.1374786 0.1080665 0.1226023 0.1228505 0.1165126 0 0 0 0 0 0 0 0 0 0 0 0 0 0 0 0 0 0 0 0 0 2 956.38 
sw078a001_848 5 1.162775 0.4091667 0.3723167 0.1991166 0.182175 0 0 0 0 0 0 0 0 0 0 0 0 0 0 0 0 0 0 0 0 0 0 0 0 1 961.4082 
