sw078a002_8636 5 1.2049419 0.4181779 0.4228933 0.1737751 0.1900956 0 0 0 0 0 0 0 0 0 0 0 0 0 0 0 0 0 0 0 0 0 0 0 0 2 8640.1362 
sw078a002_8636 5 1.3458955 0.461475 0.452625 0.2159083 0.2158872 0 0 0 0 0 0 0 0 0 0 0 0 0 0 0 0 0 0 0 0 0 0 0 0 1 8644.3819 
sw078a002_8636 5 1.2045072 0.4410155 0.4044659 0.1763281 0.1826977 0 0 0 0 0 0 0 0 0 0 0 0 0 0 0 0 0 0 0 0 0 0 0 0 2 8644.6929 
sw078a002_8636 5 1.3563166 0.4619833 0.455375 0.207325 0.2316333 0 0 0 0 0 0 0 0 0 0 0 0 0 0 0 0 0 0 0 0 0 0 0 0 1 8648.7584 
sw078a002_8636 5 1.2187911 0.4419675 0.4111974 0.1761317 0.1894945 0 0 0 0 0 0 0 0 0 0 0 0 0 0 0 0 0 0 0 0 0 0 0 0 2 8650.0777 
sw078a002_8636 5 1.3108252 0.4749098 0.4217162 0.1917461 0.2224531 0 0 0 0 0 0 0 0 0 0 0 0 0 0 0 0 0 0 0 0 0 0 0 0 2 8662.0929 
sw078a002_8636 5 1.3053167 0.4547167 0.4305333 0.2113334 0.2087333 0 0 0 0 0 0 0 0 0 0 0 0 0 0 0 0 0 0 0 0 0 0 0 0 1 8662.7803 
sw078a002_8636 5 1.341375 0.4612 0.443925 0.2199583 0.2162917 0 0 0 0 0 0 0 0 0 0 0 0 0 0 0 0 0 0 0 0 0 0 0 0 1 8667.2065 
sw078a002_8636 5 1.3566917 0.4697 0.4411417 0.22375 0.2221 0 0 0 0 0 0 0 0 0 0 0 0 0 0 0 0 0 0 0 0 0 0 0 0 1 8672.1662 
sw078a002_8636 5 1.248625 0.4421833 0.409625 0.1976417 0.199175 0 0 0 0 0 0 0 0 0 0 0 0 0 0 0 0 0 0 0 0 0 0 0 0 3 8673.8624 
sw078a002_8636 5 1.2418917 0.4334583 0.4045834 0.2088416 0.1950084 0 0 0 0 0 0 0 0 0 0 0 0 0 0 0 0 0 0 0 0 0 0 0 0 3 8678.9463 
sw078a002_8636 5 1.2707 0.4325583 0.429625 0.2114083 0.1971084 0 0 0 0 0 0 0 0 0 0 0 0 0 0 0 0 0 0 0 0 0 0 0 0 3 8684.6875 
sw078a002_8636 5 1.3297 0.4646084 0.442775 0.2042666 0.21805 0 0 0 0 0 0 0 0 0 0 0 0 0 0 0 0 0 0 0 0 0 0 0 0 3 8691.4802 
sw078a002_8636 5 1.3647333 0.4811666 0.442475 0.219075 0.2220167 0 0 0 0 0 0 0 0 0 0 0 0 0 0 0 0 0 0 0 0 0 0 0 0 3 8696.1051 
sw078a002_8636 5 1.3782666 0.4767666 0.4496834 0.2319166 0.2199 0 0 0 0 0 0 0 0 0 0 0 0 0 0 0 0 0 0 0 0 0 0 0 0 3 8700.732 
sw078a002_8636 5 1.397475 0.4701083 0.475725 0.217875 0.2337667 0 0 0 0 0 0 0 0 0 0 0 0 0 0 0 0 0 0 0 0 0 0 0 0 3 8705.7915 
sw078a002_8636 5 1.2858417 0.43455 0.43225 0.2201917 0.19885 0 0 0 0 0 0 0 0 0 0 0 0 0 0 0 0 0 0 0 0 0 0 0 0 1 8710.8423 
sw078a002_8636 5 1.3185502 0.4492418 0.418925 0.2396084 0.210775 0 0 0 0 0 0 0 0 0 0 0 0 0 0 0 0 0 0 0 0 0 0 0 0 1 8715.1642 
sw078a002_8636 5 1.3523167 0.4730667 0.4463 0.217975 0.214975 0 0 0 0 0 0 0 0 0 0 0 0 0 0 0 0 0 0 0 0 0 0 0 0 1 8719.066 
sw078a002_8636 5 1.3952391 0.4758122 0.4698017 0.213488 0.2361372 0 0 0 0 0 0 0 0 0 0 0 0 0 0 0 0 0 0 0 0 0 0 0 0 4 8723.0315 
sw078a002_8636 5 1.2745834 0.423225 0.4354917 0.1964333 0.2194334 0 0 0 0 0 0 0 0 0 0 0 0 0 0 0 0 0 0 0 0 0 0 0 0 1 8723.3516 
sw078a002_8636 5 1.3795529 0.4847902 0.4530476 0.2117347 0.2299804 0 0 0 0 0 0 0 0 0 0 0 0 0 0 0 0 0 0 0 0 0 0 0 0 4 8727.6713 
sw078a002_8636 5 1.2901417 0.459575 0.3901 0.2367417 0.203725 0 0 0 0 0 0 0 0 0 0 0 0 0 0 0 0 0 0 0 0 0 0 0 0 1 8727.8479 
sw078a002_8636 5 1.3829739 0.4626686 0.4787677 0.2170278 0.2245098 0 0 0 0 0 0 0 0 0 0 0 0 0 0 0 0 0 0 0 0 0 0 0 0 4 8732.2897 
sw078a002_8636 5 1.26988 0.43928 0.3898083 0.2279917 0.2128 0 0 0 0 0 0 0 0 0 0 0 0 0 0 0 0 0 0 0 0 0 0 0 0 1 8732.7524 
sw078a002_8636 5 1.23925 0.4102084 0.4149166 0.2241834 0.1899416 0 0 0 0 0 0 0 0 0 0 0 0 0 0 0 0 0 0 0 0 0 0 0 0 1 8746.1366 
sw078a002_8636 5 1.4376667 0.4974333 0.46655 0.2355667 0.2381167 0 0 0 0 0 0 0 0 0 0 0 0 0 0 0 0 0 0 0 0 0 0 0 0 4 8754.9487 
sw078a002_8636 5 1.450475 0.5104417 0.4588917 0.231425 0.2497166 0 0 0 0 0 0 0 0 0 0 0 0 0 0 0 0 0 0 0 0 0 0 0 0 4 8759.1985 
sw078a002_8636 5 1.4216084 0.46855 0.4868334 0.22505 0.241175 0 0 0 0 0 0 0 0 0 0 0 0 0 0 0 0 0 0 0 0 0 0 0 0 3 8764.0428 
sw078a002_8636 5 1.4229 0.5072166 0.43765 0.2328 0.2452334 0 0 0 0 0 0 0 0 0 0 0 0 0 0 0 0 0 0 0 0 0 0 0 0 3 8768.8952 
sw078a002_8636 5 1.4684667 0.5131833 0.4594084 0.2362333 0.2596417 0 0 0 0 0 0 0 0 0 0 0 0 0 0 0 0 0 0 0 0 0 0 0 0 4 8773.3096 
sw078a002_8636 5 1.4506666 0.5000833 0.4751083 0.2236417 0.2518333 0 0 0 0 0 0 0 0 0 0 0 0 0 0 0 0 0 0 0 0 0 0 0 0 4 8777.7562 
sw078a002_8636 5 1.4669083 0.5023416 0.4769046 0.2357949 0.2518667 0 0 0 0 0 0 0 0 0 0 0 0 0 0 0 0 0 0 0 0 0 0 0 0 4 8782.488 
sw078a002_8636 5 1.2986333 0.4559833 0.4377833 0.193825 0.2110417 0 0 0 0 0 0 0 0 0 0 0 0 0 0 0 0 0 0 0 0 0 0 0 0 1 8797.0878 
sw078a002_8636 5 1.4864379 0.5020576 0.5040662 0.2408102 0.2395039 0 0 0 0 0 0 0 0 0 0 0 0 0 0 0 0 0 0 0 0 0 0 0 0 4 8808.3415 
sw078a002_8636 4 1.510241 0.5207777 0.4977891 0.4916742 0 0 0 0 0 0 0 0 0 0 0 0 0 0 0 0 0 0 0 0 0 0 0 0 0 4 8813.5369 
sw078a002_8636 5 1.2991166 0.4596583 0.4371917 0.2113583 0.1909083 0 0 0 0 0 0 0 0 0 0 0 0 0 0 0 0 0 0 0 0 0 0 0 0 1 8814.3178 
sw078a002_8636 5 1.4580583 0.513525 0.4765666 0.2239084 0.2440583 0 0 0 0 0 0 0 0 0 0 0 0 0 0 0 0 0 0 0 0 0 0 0 0 4 8818.3539 
sw078a002_8636 5 1.4571083 0.5165416 0.4703834 0.2141166 0.2560667 0 0 0 0 0 0 0 0 0 0 0 0 0 0 0 0 0 0 0 0 0 0 0 0 4 8823.4863 
sw078a002_8636 5 1.30265 0.4532333 0.4763 0.1712167 0.2019 0 0 0 0 0 0 0 0 0 0 0 0 0 0 0 0 0 0 0 0 0 0 0 0 1 8827.7912 
sw078a002_8636 5 1.323261 0.4561843 0.412793 0.2445174 0.2097663 0 0 0 0 0 0 0 0 0 0 0 0 0 0 0 0 0 0 0 0 0 0 0 0 4 8828.822 
sw078a002_8636 5 1.2958667 0.4468334 0.4159583 0.2289417 0.2041333 0 0 0 0 0 0 0 0 0 0 0 0 0 0 0 0 0 0 0 0 0 0 0 0 1 8832.4995 
sw078a002_8636 5 1.3085512 0.4361568 0.4365473 0.2239914 0.2118557 0 0 0 0 0 0 0 0 0 0 0 0 0 0 0 0 0 0 0 0 0 0 0 0 4 8832.967 
sw078a002_8636 5 1.3258393 0.4381222 0.4487659 0.2330999 0.2058513 0 0 0 0 0 0 0 0 0 0 0 0 0 0 0 0 0 0 0 0 0 0 0 0 4 8837.0811 
sw078a002_8636 5 1.2840666 0.47095 0.3936166 0.2244417 0.1950583 0 0 0 0 0 0 0 0 0 0 0 0 0 0 0 0 0 0 0 0 0 0 0 0 1 8837.2282 
sw078a002_8636 6 1.3853416 0.4021916 0.3647334 0.2183416 0.1712667 0.2288083 0 0 0 0 0 0 0 0 0 0 0 0 0 0 0 0 0 0 0 0 0 0 0 1 8841.2169 
sw078a002_8636 5 1.3282734 0.4482895 0.4440477 0.2321575 0.2037787 0 0 0 0 0 0 0 0 0 0 0 0 0 0 0 0 0 0 0 0 0 0 0 0 4 8841.3563 
sw078a002_8636 6 1.349475 0.4133416 0.3748917 0.212925 0.1571583 0.1911584 0 0 0 0 0 0 0 0 0 0 0 0 0 0 0 0 0 0 0 0 0 0 0 1 8845.7303 
sw078a002_8636 5 1.303438 0.455654 0.4131079 0.2184274 0.2162487 0 0 0 0 0 0 0 0 0 0 0 0 0 0 0 0 0 0 0 0 0 0 0 0 4 8845.8112 
sw078a002_8636 5 1.2569666 0.4604 0.42185 0.1743083 0.2004083 0 0 0 0 0 0 0 0 0 0 0 0 0 0 0 0 0 0 0 0 0 0 0 0 1 8851.0972 
