sw078a001_688 5 0.485625 0.097175 0.1284083 0.1204333 0.1396084 0 0 0 0 0 0 0 0 0 0 0 0 0 0 0 0 0 0 0 0 0 0 0 0 2 695.3249 
sw078a001_688 5 0.5028584 0.116775 0.1210334 0.1239583 0.1410917 0 0 0 0 0 0 0 0 0 0 0 0 0 0 0 0 0 0 0 0 0 0 0 0 2 698.1705 
sw078a001_688 5 0.496032 0.1199398 0.1258315 0.1217645 0.1284962 0 0 0 0 0 0 0 0 0 0 0 0 0 0 0 0 0 0 0 0 0 0 0 0 2 699.7439 
sw078a001_688 5 0.4923169 0.1096269 0.1199667 0.1133149 0.1494084 0 0 0 0 0 0 0 0 0 0 0 0 0 0 0 0 0 0 0 0 0 0 0 0 3 699.8396 
sw078a001_688 5 0.4966679 0.1137169 0.1231037 0.1250619 0.1347854 0 0 0 0 0 0 0 0 0 0 0 0 0 0 0 0 0 0 0 0 0 0 0 0 2 704.6687 
sw078a001_688 5 0.4347645 0.0998686 0.1061286 0.1015269 0.1272404 0 0 0 0 0 0 0 0 0 0 0 0 0 0 0 0 0 0 0 0 0 0 0 0 3 704.9884 
sw078a001_688 5 0.8480559 0.2751477 0.2600027 0.168078 0.1448275 0 0 0 0 0 0 0 0 0 0 0 0 0 0 0 0 0 0 0 0 0 0 0 0 3 708.3991 
sw078a001_688 5 0.5001388 0.115823 0.1319798 0.1211513 0.1311847 0 0 0 0 0 0 0 0 0 0 0 0 0 0 0 0 0 0 0 0 0 0 0 0 2 709.2633 
sw078a001_688 5 0.8638683 0.2953811 0.2662253 0.1497868 0.1524751 0 0 0 0 0 0 0 0 0 0 0 0 0 0 0 0 0 0 0 0 0 0 0 0 3 712.4861 
sw078a001_688 5 0.9272865 0.2954172 0.2958229 0.1734465 0.1625999 0 0 0 0 0 0 0 0 0 0 0 0 0 0 0 0 0 0 0 0 0 0 0 0 2 716.479 
