sw078a001_3209 10 0.7887666 0.0708 0.0919583 0.099075 0.0939167 0.0840833 0.0807583 0.08015 0.0855167 0.1025083 0 0 0 0 0 0 0 0 0 0 0 0 0 0 0 0 0 0 0 1 3219.375 
sw078a001_3209 9 0.694425 0.0682083 0.0939417 0.100975 0.0877666 0.077925 0.0781334 0.0851416 0.1023334 0 0 0 0 0 0 0 0 0 0 0 0 0 0 0 0 0 0 0 0 1 3225.6685 
sw078a001_3209 9 0.734 0.0746667 0.0904833 0.0917334 0.0812 0.0791083 0.0807333 0.0917917 0.1442833 0 0 0 0 0 0 0 0 0 0 0 0 0 0 0 0 0 0 0 0 1 3231.4307 
sw078a001_3209 8 0.6085834 0.08285 0.0840334 0.0888416 0.08085 0.0799584 0.0871833 0.1048667 0 0 0 0 0 0 0 0 0 0 0 0 0 0 0 0 0 0 0 0 0 1 3233.7 
sw078a001_3209 9 0.6475666 0.0784666 0.074875 0.086275 0.0834 0.072325 0.0733334 0.0812083 0.0976833 0 0 0 0 0 0 0 0 0 0 0 0 0 0 0 0 0 0 0 0 1 3234.790258 
sw078a001_3209 5 0.8912604 0.2998334 0.2801333 0.1569083 0.1543854 0 0 0 0 0 0 0 0 0 0 0 0 0 0 0 0 0 0 0 0 0 0 0 0 1 3238.7479 
sw078a001_3209 5 0.4801037 0.1107454 0.1228337 0.1108093 0.1357153 0 0 0 0 0 0 0 0 0 0 0 0 0 0 0 0 0 0 0 0 0 0 0 0 2 3239.5497 
sw078a001_3209 5 0.8523833 0.257125 0.2662583 0.1684083 0.1605917 0 0 0 0 0 0 0 0 0 0 0 0 0 0 0 0 0 0 0 0 0 0 0 0 1 3241.7563 
sw078a001_3209 5 0.8471417 0.2600667 0.2713917 0.1725083 0.143175 0 0 0 0 0 0 0 0 0 0 0 0 0 0 0 0 0 0 0 0 0 0 0 0 1 3246.6883 
sw078a001_3209 5 0.8274333 0.2472 0.2676083 0.1613083 0.1513167 0 0 0 0 0 0 0 0 0 0 0 0 0 0 0 0 0 0 0 0 0 0 0 0 1 3249.9974 
sw078a001_3209 5 0.7919774 0.2413083 0.2416235 0.1639821 0.1450635 0 0 0 0 0 0 0 0 0 0 0 0 0 0 0 0 0 0 0 0 0 0 0 0 1 3252.6584 
sw078a001_3209 21 1.093575 0.023325 0.0363083 0.0370167 0.0402583 0.0448334 0.0598763 0.0320504 0.0444566 0.0436167 0.0406171 0.0476079 0.0447416 0.0527155 0.038859 0.0475755 0.05025 0.056525 0.068975 0.1042167 0.17975 0 0 0 0 0 0 0 0 2 3252.9095 
sw078a001_3209 18 1.0337 0.03465 0.0372667 0.0416833 0.0526167 0.0440583 0.0430417 0.040825 0.0403833 0.0383667 0.0388167 0.0401416 0.0450584 0.0508666 0.063525 0.0913834 0.1626416 0.168375 0 0 0 0 0 0 0 0 0 0 0 2 3254.505907 
sw078a001_3209 5 0.7797583 0.243975 0.2397767 0.14849 0.1475166 0 0 0 0 0 0 0 0 0 0 0 0 0 0 0 0 0 0 0 0 0 0 0 0 1 3255.843 
sw078a001_3209 18 0.9092167 0.03375 0.0356917 0.0399916 0.0511334 0.0446583 0.0424417 0.0421416 0.0402584 0.0384416 0.0383667 0.0382667 0.041 0.0409083 0.052875 0.0723917 0.0974666 0.1594334 0 0 0 0 0 0 0 0 0 0 0 2 3258.6113 
sw078a001_3209 5 0.8369917 0.25965 0.2613917 0.1594333 0.1565167 0 0 0 0 0 0 0 0 0 0 0 0 0 0 0 0 0 0 0 0 0 0 0 0 1 3259.6249 
sw078a001_3209 5 0.5241987 0.1304957 0.1308961 0.1266857 0.1361212 0 0 0 0 0 0 0 0 0 0 0 0 0 0 0 0 0 0 0 0 0 0 0 0 3 3259.8845 
sw078a001_3209 5 0.8341143 0.2678207 0.2769474 0.152936 0.1364102 0 0 0 0 0 0 0 0 0 0 0 0 0 0 0 0 0 0 0 0 0 0 0 0 2 3262.6738 
sw078a001_3209 6 1.0336833 0.2581395 0.2737984 0.1616871 0.1364916 0.2035667 0 0 0 0 0 0 0 0 0 0 0 0 0 0 0 0 0 0 0 0 0 0 0 1 3263.094 
sw078a001_3209 5 0.5024454 0.1394703 0.1226515 0.1160518 0.1242718 0 0 0 0 0 0 0 0 0 0 0 0 0 0 0 0 0 0 0 0 0 0 0 0 3 3263.3521 
sw078a001_3209 4 0.4011368 0.1342368 0.1372557 0.1296443 0 0 0 0 0 0 0 0 0 0 0 0 0 0 0 0 0 0 0 0 0 0 0 0 0 2 3266.9483 
sw078a001_3209 5 0.84015 0.2589083 0.271775 0.1577 0.1517667 0 0 0 0 0 0 0 0 0 0 0 0 0 0 0 0 0 0 0 0 0 0 0 0 1 3266.9609 
sw078a001_3209 5 0.8461526 0.2972454 0.2746147 0.1342826 0.1400099 0 0 0 0 0 0 0 0 0 0 0 0 0 0 0 0 0 0 0 0 0 0 0 0 2 3270.1172 
sw078a001_3209 5 0.8107122 0.242725 0.2500833 0.15515 0.1627539 0 0 0 0 0 0 0 0 0 0 0 0 0 0 0 0 0 0 0 0 0 0 0 0 1 3270.3709 
sw078a001_3209 5 0.5489917 0.1283856 0.1325291 0.1288743 0.1592027 0 0 0 0 0 0 0 0 0 0 0 0 0 0 0 0 0 0 0 0 0 0 0 0 3 3270.5168 
sw078a001_3209 5 0.5665585 0.1719813 0.1583839 0.1065739 0.1296194 0 0 0 0 0 0 0 0 0 0 0 0 0 0 0 0 0 0 0 0 0 0 0 0 4 3270.998 
sw078a001_3209 5 0.869675 0.2682165 0.2743085 0.1893 0.13785 0 0 0 0 0 0 0 0 0 0 0 0 0 0 0 0 0 0 0 0 0 0 0 0 1 3273.7712 
sw078a001_3209 5 0.5299796 0.1233529 0.1169947 0.1426249 0.1470071 0 0 0 0 0 0 0 0 0 0 0 0 0 0 0 0 0 0 0 0 0 0 0 0 2 3273.7837 
sw078a001_3209 5 0.9005049 0.3268941 0.2828665 0.1450084 0.1457359 0 0 0 0 0 0 0 0 0 0 0 0 0 0 0 0 0 0 0 0 0 0 0 0 3 3274.0311 
sw078a001_3209 7 1.1458699 0.4038064 0.2006441 0.1836524 0.1417471 0.1058613 0.1101586 0 0 0 0 0 0 0 0 0 0 0 0 0 0 0 0 0 0 0 0 0 0 4 3274.2843 
sw078a001_3209 5 0.5482877 0.1277443 0.1294224 0.1412805 0.1498405 0 0 0 0 0 0 0 0 0 0 0 0 0 0 0 0 0 0 0 0 0 0 0 0 2 3276.9884 
sw078a001_3209 5 0.787725 0.2292917 0.2482583 0.1504833 0.1596917 0 0 0 0 0 0 0 0 0 0 0 0 0 0 0 0 0 0 0 0 0 0 0 0 1 3277.2754 
sw078a001_3209 7 1.1780936 0.4228345 0.206666 0.1822982 0.140858 0.1087257 0.1167112 0 0 0 0 0 0 0 0 0 0 0 0 0 0 0 0 0 0 0 0 0 0 4 3277.8331 
sw078a001_3209 5 0.8603373 0.2763288 0.2593694 0.1478119 0.1768272 0 0 0 0 0 0 0 0 0 0 0 0 0 0 0 0 0 0 0 0 0 0 0 0 2 3280.3562 
sw078a001_3209 5 0.8304167 0.2809583 0.226302 0.1536564 0.1695 0 0 0 0 0 0 0 0 0 0 0 0 0 0 0 0 0 0 0 0 0 0 0 0 1 3280.5324 
sw078a001_3209 7 1.2002264 0.4269877 0.2165468 0.181215 0.1486859 0.1109913 0.1157997 0 0 0 0 0 0 0 0 0 0 0 0 0 0 0 0 0 0 0 0 0 0 4 3281.3193 
sw078a001_3209 5 1.0398027 0.3909348 0.3651745 0.1342742 0.1494192 0 0 0 0 0 0 0 0 0 0 0 0 0 0 0 0 0 0 0 0 0 0 0 0 3 3281.5852 
sw078a001_3209 4 0.9395182 0.3118405 0.2703469 0.3573308 0 0 0 0 0 0 0 0 0 0 0 0 0 0 0 0 0 0 0 0 0 0 0 0 0 2 3283.9749 
sw078a001_3209 5 0.8957787 0.2894454 0.2827666 0.1607667 0.1628 0 0 0 0 0 0 0 0 0 0 0 0 0 0 0 0 0 0 0 0 0 0 0 0 1 3283.9849 
sw078a001_3209 6 1.1865403 0.426993 0.2130691 0.181314 0.1495389 0.2156253 0 0 0 0 0 0 0 0 0 0 0 0 0 0 0 0 0 0 0 0 0 0 0 4 3285.0526 
sw078a001_3209 5 1.0500731 0.4033459 0.3629249 0.1354875 0.1483148 0 0 0 0 0 0 0 0 0 0 0 0 0 0 0 0 0 0 0 0 0 0 0 0 3 3285.3783 
sw078a001_3209 5 1.0499798 0.3658748 0.3203012 0.1810946 0.1827092 0 0 0 0 0 0 0 0 0 0 0 0 0 0 0 0 0 0 0 0 0 0 0 0 3 3287.5317 
sw078a001_3209 7 1.2215542 0.4301582 0.2116946 0.1939322 0.1619373 0.1204426 0.1033893 0 0 0 0 0 0 0 0 0 0 0 0 0 0 0 0 0 0 0 0 0 0 4 3288.623 
sw078a001_3209 5 1.0609714 0.392367 0.3760526 0.1363457 0.1562061 0 0 0 0 0 0 0 0 0 0 0 0 0 0 0 0 0 0 0 0 0 0 0 0 3 3289.2648 
sw078a001_3209 5 1.1110836 0.3867846 0.3442235 0.1901233 0.1899522 0 0 0 0 0 0 0 0 0 0 0 0 0 0 0 0 0 0 0 0 0 0 0 0 3 3291.3883 
sw078a001_3209 7 1.2454748 0.4393755 0.2242049 0.1977573 0.154909 0.116222 0.1130002 0 0 0 0 0 0 0 0 0 0 0 0 0 0 0 0 0 0 0 0 0 0 4 3293.4443 
sw078a001_3209 5 1.1795 0.4285 0.3906833 0.172475 0.1878417 0 0 0 0 0 0 0 0 0 0 0 0 0 0 0 0 0 0 0 0 0 0 0 0 1 3296.6438 
sw078a001_3209 5 1.2081619 0.4120489 0.4343451 0.1696564 0.1921115 0 0 0 0 0 0 0 0 0 0 0 0 0 0 0 0 0 0 0 0 0 0 0 0 3 3301.0596 
sw078a001_3209 5 1.1149 0.3961583 0.3715583 0.1724917 0.1746917 0 0 0 0 0 0 0 0 0 0 0 0 0 0 0 0 0 0 0 0 0 0 0 0 1 3301.271 
sw078a001_3209 5 1.2402265 0.4444773 0.4210865 0.1708968 0.2037659 0 0 0 0 0 0 0 0 0 0 0 0 0 0 0 0 0 0 0 0 0 0 0 0 4 3303.5033 
sw078a001_3209 5 1.2267495 0.4233669 0.4213202 0.1789469 0.2031155 0 0 0 0 0 0 0 0 0 0 0 0 0 0 0 0 0 0 0 0 0 0 0 0 3 3304.8732 
sw078a001_3209 5 0.7188831 0.2252119 0.2477045 0.1241971 0.1217696 0 0 0 0 0 0 0 0 0 0 0 0 0 0 0 0 0 0 0 0 0 0 0 0 4 3306.0465 
sw078a001_3209 5 1.2650783 0.4261445 0.4261994 0.2087877 0.2039467 0 0 0 0 0 0 0 0 0 0 0 0 0 0 0 0 0 0 0 0 0 0 0 0 4 3308.7584 
sw078a001_3209 5 1.1411583 0.4213916 0.3743167 0.1749167 0.1705333 0 0 0 0 0 0 0 0 0 0 0 0 0 0 0 0 0 0 0 0 0 0 0 0 1 3309.471 
sw078a001_3209 5 1.2561368 0.4437739 0.4031251 0.2036189 0.2056189 0 0 0 0 0 0 0 0 0 0 0 0 0 0 0 0 0 0 0 0 0 0 0 0 4 3312.9241 
sw078a001_3209 5 1.125675 0.3981833 0.3790167 0.1822666 0.1662084 0 0 0 0 0 0 0 0 0 0 0 0 0 0 0 0 0 0 0 0 0 0 0 0 1 3313.9285 
sw078a001_3209 5 1.2402464 0.4187996 0.412216 0.2028029 0.2064279 0 0 0 0 0 0 0 0 0 0 0 0 0 0 0 0 0 0 0 0 0 0 0 0 6 3317.7395 
sw078a001_3209 13 1.6124547 0.4263481 0.2235957 0.1653467 0.1253808 0.0835888 0.0684522 0.0691543 0.0000011 0.0771163 0.0841134 0.0983127 0.1910446 0 0 0 0 0 0 0 0 0 0 0 0 0 0 0 0 7 3319.7865 
sw078a001_3209 8 1.4931167 0.435525 0.35605 0.1031167 0.1172833 0.135525 0.1403667 0.20525 0 0 0 0 0 0 0 0 0 0 0 0 0 0 0 0 0 0 0 0 0 1 3330.1934 
sw078a001_3209 5 1.1934521 0.4035155 0.4217585 0.1760702 0.1921079 0 0 0 0 0 0 0 0 0 0 0 0 0 0 0 0 0 0 0 0 0 0 0 0 8 3330.985 
sw078a001_3209 9 1.4593583 0.424325 0.3181333 0.0749833 0.0989 0.1081834 0.1227593 0.130024 0.18205 0 0 0 0 0 0 0 0 0 0 0 0 0 0 0 0 0 0 0 0 1 3336.2376 
sw078a001_3209 5 1.2012972 0.4298785 0.4014277 0.1726618 0.1973292 0 0 0 0 0 0 0 0 0 0 0 0 0 0 0 0 0 0 0 0 0 0 0 0 8 3336.2581 
sw078a001_3209 5 1.2086065 0.4229765 0.3787917 0.2021407 0.2046976 0 0 0 0 0 0 0 0 0 0 0 0 0 0 0 0 0 0 0 0 0 0 0 0 9 3341.0101 
sw078a001_3209 10 1.8157834 0.4194251 0.3662 0.0951 0.0882166 0.115025 0.123375 0.12715 0.1436334 0.3376583 0 0 0 0 0 0 0 0 0 0 0 0 0 0 0 0 0 0 0 1 3341.4331 
sw078a001_3209 5 1.1287594 0.4015861 0.3554733 0.1922353 0.1794647 0 0 0 0 0 0 0 0 0 0 0 0 0 0 0 0 0 0 0 0 0 0 0 0 10 3346.3375 
