sw078c001_906 5 0.7546562 0.2417658 0.2348277 0.1272308 0.1508319 0 0 0 0 0 0 0 0 0 0 0 0 0 0 0 0 0 0 0 0 0 0 0 0 2 915.2571 
sw078c001_906 5 0.7505584 0.2325167 0.231625 0.151425 0.1349917 0 0 0 0 0 0 0 0 0 0 0 0 0 0 0 0 0 0 0 0 0 0 0 0 1 916.8193 
sw078c001_906 5 0.9036768 0.2975551 0.2706491 0.1789379 0.1565347 0 0 0 0 0 0 0 0 0 0 0 0 0 0 0 0 0 0 0 0 0 0 0 0 2 917.3701 
sw078c001_906 17 0.4597627 0.0188358 0.0239166 0.0283864 0.0202204 0.0505658 0.0205999 0.0322851 0.044887 0.0206467 0.0239243 0.0226838 0.0275063 0.0209698 0.0466915 0.0188024 0.0388409 0 0 0 0 0 0 0 0 0 0 0 0 2 919.9893 
sw078c001_906 5 0.7552547 0.255188 0.243354 0.1311617 0.125551 0 0 0 0 0 0 0 0 0 0 0 0 0 0 0 0 0 0 0 0 0 0 0 0 3 920.3448 
sw078c001_906 5 0.7246583 0.2082 0.242975 0.1297583 0.143725 0 0 0 0 0 0 0 0 0 0 0 0 0 0 0 0 0 0 0 0 0 0 0 0 1 922.3201 
sw078c001_906 5 0.6963917 0.203425 0.189875 0.1387917 0.1643 0 0 0 0 0 0 0 0 0 0 0 0 0 0 0 0 0 0 0 0 0 0 0 0 1 924.9411 
sw078c001_906 5 0.835823 0.2556323 0.2572696 0.1798343 0.1430868 0 0 0 0 0 0 0 0 0 0 0 0 0 0 0 0 0 0 0 0 0 0 0 0 2 927.0641 
sw078c001_906 5 0.8192958 0.2460819 0.2739207 0.1528957 0.1463975 0 0 0 0 0 0 0 0 0 0 0 0 0 0 0 0 0 0 0 0 0 0 0 0 3 930.8571 
sw078c001_906 18 0.6050232 0.0267146 0.0283623 0.0305533 0.0357312 0.0304422 0.0280817 0.0259075 0.0532419 0.0391484 0.0407812 0.0565222 0.052544 0.0566739 0.035323 0.0320474 0.0288532 0.0040952 0 0 0 0 0 0 0 0 0 0 0 2 930.9291 
sw078c001_906 5 0.7975417 0.2685583 0.2263084 0.14695 0.155725 0 0 0 0 0 0 0 0 0 0 0 0 0 0 0 0 0 0 0 0 0 0 0 0 1 934.0189 
sw078c001_906 5 0.7783383 0.2441171 0.2492573 0.1491086 0.1358553 0 0 0 0 0 0 0 0 0 0 0 0 0 0 0 0 0 0 0 0 0 0 0 0 3 940.6321 
