sw085a003_20590 5 0.4827047 0.1070299 0.1202431 0.1246207 0.130811 0 0 0 0 0 0 0 0 0 0 0 0 0 0 0 0 0 0 0 0 0 0 0 0 2 20600.3033 
sw085a003_20590 5 0.4940917 0.1080834 0.1442583 0.1224917 0.1192583 0 0 0 0 0 0 0 0 0 0 0 0 0 0 0 0 0 0 0 0 0 0 0 0 1 20601.0818 
sw085a003_20590 6 0.6410584 0.1122917 0.1290583 0.1117584 0.1121102 0.1758398 0 0 0 0 0 0 0 0 0 0 0 0 0 0 0 0 0 0 0 0 0 0 0 1 20605.3892 
sw085a003_20590 5 0.5063917 0.1126182 0.1258738 0.1292972 0.1386025 0 0 0 0 0 0 0 0 0 0 0 0 0 0 0 0 0 0 0 0 0 0 0 0 2 20605.8577 
sw085a003_20590 5 0.4718501 0.1128833 0.127475 0.112425 0.1190668 0 0 0 0 0 0 0 0 0 0 0 0 0 0 0 0 0 0 0 0 0 0 0 0 1 20609.6686 
sw085a003_20590 5 0.4712363 0.1132247 0.1096627 0.1153068 0.1330421 0 0 0 0 0 0 0 0 0 0 0 0 0 0 0 0 0 0 0 0 0 0 0 0 2 20610.1656 
sw085a003_20590 1 0 0 0 0 0 0 0 0 0 0 0 0 0 0 0 0 0 0 0 0 0 0 0 0 0 0 0 0 0 2 20611.574 
sw085a003_20590 5 0.46625 0.1107667 0.1238417 0.11435 0.1172916 0 0 0 0 0 0 0 0 0 0 0 0 0 0 0 0 0 0 0 0 0 0 0 0 1 20613.0441 
sw085a003_20590 5 0.4952035 0.1128031 0.1306307 0.1174763 0.1342934 0 0 0 0 0 0 0 0 0 0 0 0 0 0 0 0 0 0 0 0 0 0 0 0 2 20613.5984 
sw085a003_20590 5 0.4618 0.1163083 0.1170833 0.1115417 0.1168667 0 0 0 0 0 0 0 0 0 0 0 0 0 0 0 0 0 0 0 0 0 0 0 0 1 20615.2486 
sw085a003_20590 5 0.4840309 0.105335 0.1210782 0.1206319 0.1369858 0 0 0 0 0 0 0 0 0 0 0 0 0 0 0 0 0 0 0 0 0 0 0 0 2 20616.0621 
sw085a003_20590 5 0.4393 0.1089417 0.0995166 0.1022584 0.1285833 0 0 0 0 0 0 0 0 0 0 0 0 0 0 0 0 0 0 0 0 0 0 0 0 1 20616.6788 
sw085a003_20590 5 0.4946773 0.1085397 0.1200734 0.1295299 0.1365343 0 0 0 0 0 0 0 0 0 0 0 0 0 0 0 0 0 0 0 0 0 0 0 0 2 20617.5416 
sw085a003_20590 6 0.7700121 0.1014084 0.1063405 0.1096178 0.1222 0.3304454 0 0 0 0 0 0 0 0 0 0 0 0 0 0 0 0 0 0 0 0 0 0 0 1 20617.8331 
sw085a003_20590 5 0.4268522 0.0952547 0.0994473 0.1102693 0.1218809 0 0 0 0 0 0 0 0 0 0 0 0 0 0 0 0 0 0 0 0 0 0 0 0 2 20618.53657 
sw085a003_20590 5 0.8057833 0.2544916 0.2688667 0.1451167 0.1373083 0 0 0 0 0 0 0 0 0 0 0 0 0 0 0 0 0 0 0 0 0 0 0 0 1 20621.5148 
sw085a003_20590 5 0.8058744 0.2628359 0.2287865 0.1463677 0.1678843 0 0 0 0 0 0 0 0 0 0 0 0 0 0 0 0 0 0 0 0 0 0 0 0 2 20621.6538 
sw085a003_20590 5 0.7898834 0.250875 0.2444084 0.1454833 0.1491167 0 0 0 0 0 0 0 0 0 0 0 0 0 0 0 0 0 0 0 0 0 0 0 0 1 20625.2693 
sw085a003_20590 5 0.8381397 0.2601165 0.2768991 0.1571951 0.143929 0 0 0 0 0 0 0 0 0 0 0 0 0 0 0 0 0 0 0 0 0 0 0 0 2 20625.4096 
sw085a003_20590 5 0.7407666 0.2288416 0.2269917 0.147016 0.1379173 0 0 0 0 0 0 0 0 0 0 0 0 0 0 0 0 0 0 0 0 0 0 0 0 1 20629.1017 
sw085a003_20590 5 0.8118857 0.2468416 0.2615137 0.1471796 0.1563508 0 0 0 0 0 0 0 0 0 0 0 0 0 0 0 0 0 0 0 0 0 0 0 0 2 20629.2302 
sw085a003_20590 5 0.8591189 0.2864324 0.2396583 0.1456291 0.1873991 0 0 0 0 0 0 0 0 0 0 0 0 0 0 0 0 0 0 0 0 0 0 0 0 2 20632.8718 
sw085a003_20590 5 0.7728752 0.2393417 0.2441166 0.1586015 0.1308154 0 0 0 0 0 0 0 0 0 0 0 0 0 0 0 0 0 0 0 0 0 0 0 0 1 20633.0536 
