sw085a001_51 5 1.314225 0.450492 0.434058 0.212942 0.216733 0 0 0 0 0 0 0 0 0 0 0 0 0 0 0 0 0 0 0 0 0 0 0 0 1 58.5288 
sw085a001_51 5 1.240351 0.425528 0.452446 0.183823 0.178554 0 0 0 0 0 0 0 0 0 0 0 0 0 0 0 0 0 0 0 0 0 0 0 0 2 65.1071 
sw085a001_51 5 1.285558 0.438408 0.437625 0.209717 0.199808 0 0 0 0 0 0 0 0 0 0 0 0 0 0 0 0 0 0 0 0 0 0 0 0 1 71.2486 
sw085a001_51 5 1.114085 0.39115 0.374048 0.202324 0.146563 0 0 0 0 0 0 0 0 0 0 0 0 0 0 0 0 0 0 0 0 0 0 0 0 2 71.7879 
sw085a001_51 5 1.302867 0.448517 0.432442 0.211275 0.210633 0 0 0 0 0 0 0 0 0 0 0 0 0 0 0 0 0 0 0 0 0 0 0 0 1 75.5225 
sw085a001_51 5 1.232997 0.445371 0.429943 0.189747 0.167936 0 0 0 0 0 0 0 0 0 0 0 0 0 0 0 0 0 0 0 0 0 0 0 0 2 79.0664 
sw085a001_51 5 1.26735 0.4361 0.4235 0.206925 0.200825 0 0 0 0 0 0 0 0 0 0 0 0 0 0 0 0 0 0 0 0 0 0 0 0 1 79.8897 
sw085a001_51 5 1.284125 0.431367 0.421775 0.218858 0.212125 0 0 0 0 0 0 0 0 0 0 0 0 0 0 0 0 0 0 0 0 0 0 0 0 1 84.0959 
sw085a001_51 5 1.114336 0.415317 0.391672 0.163086 0.144261 0 0 0 0 0 0 0 0 0 0 0 0 0 0 0 0 0 0 0 0 0 0 0 0 2 85.1106 
sw085a001_51 5 1.178983 0.407375 0.413783 0.190825 0.167 0 0 0 0 0 0 0 0 0 0 0 0 0 0 0 0 0 0 0 0 0 0 0 0 2 91.5373 
sw085a001_51 5 1.210559 0.459117 0.403583 0.176067 0.171792 0 0 0 0 0 0 0 0 0 0 0 0 0 0 0 0 0 0 0 0 0 0 0 0 2 98.6152 
sw085a001_51 5 1.292325 0.442325 0.4261334 0.2167583 0.2071083 0 0 0 0 0 0 0 0 0 0 0 0 0 0 0 0 0 0 0 0 0 0 0 0 1 102.306 
