sw085a002_9376 4 0.4037675 0.1454781 0.1226078 0.1356816 0 0 0 0 0 0 0 0 0 0 0 0 0 0 0 0 0 0 0 0 0 0 0 0 0 2 9389.3564 
sw085a002_9376 4 0.388171 0.1464646 0.1219388 0.1197676 0 0 0 0 0 0 0 0 0 0 0 0 0 0 0 0 0 0 0 0 0 0 0 0 0 2 9393.2957 
sw085a002_9376 5 0.4984416 0.1170333 0.13455 0.12155 0.1253083 0 0 0 0 0 0 0 0 0 0 0 0 0 0 0 0 0 0 0 0 0 0 0 0 1 9394.7067 
sw085a002_9376 5 0.487982 0.11501 0.1282207 0.1282857 0.1164656 0 0 0 0 0 0 0 0 0 0 0 0 0 0 0 0 0 0 0 0 0 0 0 0 2 9397.8651 
sw085a002_9376 5 0.4958666 0.1167333 0.1269417 0.1195833 0.1326083 0 0 0 0 0 0 0 0 0 0 0 0 0 0 0 0 0 0 0 0 0 0 0 0 1 9398.592 
sw085a002_9376 5 0.5432506 0.1112056 0.1353891 0.1321827 0.1644732 0 0 0 0 0 0 0 0 0 0 0 0 0 0 0 0 0 0 0 0 0 0 0 0 2 9401.3227 
sw085a002_9376 5 0.4852416 0.114675 0.1222166 0.1188417 0.1295083 0 0 0 0 0 0 0 0 0 0 0 0 0 0 0 0 0 0 0 0 0 0 0 0 1 9401.6631 
sw085a002_9376 5 0.5033833 0.1216083 0.121825 0.1150583 0.1448917 0 0 0 0 0 0 0 0 0 0 0 0 0 0 0 0 0 0 0 0 0 0 0 0 1 9403.3751 
sw085a002_9376 5 0.48035 0.1140416 0.116075 0.11545 0.1347834 0 0 0 0 0 0 0 0 0 0 0 0 0 0 0 0 0 0 0 0 0 0 0 0 1 9404.51315 
sw085a002_9376 5 0.489075 0.1209 0.121575 0.1146667 0.1319333 0 0 0 0 0 0 0 0 0 0 0 0 0 0 0 0 0 0 0 0 0 0 0 0 1 9405.645133 
sw085a002_9376 5 0.8045703 0.2844516 0.2494621 0.1507796 0.119877 0 0 0 0 0 0 0 0 0 0 0 0 0 0 0 0 0 0 0 0 0 0 0 0 2 9408.2207 
sw085a002_9376 5 0.8372 0.254375 0.2790916 0.16195 0.1417834 0 0 0 0 0 0 0 0 0 0 0 0 0 0 0 0 0 0 0 0 0 0 0 0 1 9408.4565 
sw085a002_9376 5 0.7987834 0.249425 0.2481667 0.153275 0.1479167 0 0 0 0 0 0 0 0 0 0 0 0 0 0 0 0 0 0 0 0 0 0 0 0 1 9411.8413 
sw085a002_9376 5 0.8229488 0.2662297 0.2638349 0.1539982 0.138886 0 0 0 0 0 0 0 0 0 0 0 0 0 0 0 0 0 0 0 0 0 0 0 0 2 9414.8393 
sw085a002_9376 5 0.8128416 0.2410044 0.2556539 0.16154 0.1546433 0 0 0 0 0 0 0 0 0 0 0 0 0 0 0 0 0 0 0 0 0 0 0 0 1 9414.8494 
sw085a002_9376 5 0.828525 0.256825 0.252725 0.1779667 0.1410083 0 0 0 0 0 0 0 0 0 0 0 0 0 0 0 0 0 0 0 0 0 0 0 0 1 9418.2274 
sw085a002_9376 5 0.824425 0.2517834 0.2514333 0.1626917 0.1585166 0 0 0 0 0 0 0 0 0 0 0 0 0 0 0 0 0 0 0 0 0 0 0 0 1 9421.4876 
sw085a002_9376 5 0.7848583 0.2379666 0.2429 0.1578584 0.1461333 0 0 0 0 0 0 0 0 0 0 0 0 0 0 0 0 0 0 0 0 0 0 0 0 1 9424.9878 
sw085a002_9376 5 0.5439584 0.1232 0.1376334 0.1327666 0.1503584 0 0 0 0 0 0 0 0 0 0 0 0 0 0 0 0 0 0 0 0 0 0 0 0 1 9428.7481 
sw085a002_9376 5 0.7668961 0.2564918 0.2194868 0.153079 0.1378385 0 0 0 0 0 0 0 0 0 0 0 0 0 0 0 0 0 0 0 0 0 0 0 0 2 9429.0123 
sw085a002_9376 5 0.5487166 0.13295 0.13955 0.1315083 0.1447083 0 0 0 0 0 0 0 0 0 0 0 0 0 0 0 0 0 0 0 0 0 0 0 0 1 9432.4499 
sw085a002_9376 5 0.5546017 0.1470465 0.1452539 0.1325058 0.1297955 0 0 0 0 0 0 0 0 0 0 0 0 0 0 0 0 0 0 0 0 0 0 0 0 2 9432.6578 
sw085a002_9376 5 0.546977 0.1315412 0.1523942 0.1299893 0.1330523 0 0 0 0 0 0 0 0 0 0 0 0 0 0 0 0 0 0 0 0 0 0 0 0 2 9436.8903 
sw085a002_9376 5 0.6982147 0.2214064 0.1894066 0.1341434 0.1532583 0 0 0 0 0 0 0 0 0 0 0 0 0 0 0 0 0 0 0 0 0 0 0 0 1 9437.0507 
sw085a002_9376 5 0.7722083 0.243475 0.204775 0.1646416 0.1593167 0 0 0 0 0 0 0 0 0 0 0 0 0 0 0 0 0 0 0 0 0 0 0 0 1 9440.9375 
sw085a002_9376 5 0.8301075 0.2649244 0.2475983 0.154051 0.1635338 0 0 0 0 0 0 0 0 0 0 0 0 0 0 0 0 0 0 0 0 0 0 0 0 2 9441.1555 
sw085a002_9376 5 0.8345672 0.2471213 0.267983 0.1522281 0.1672348 0 0 0 0 0 0 0 0 0 0 0 0 0 0 0 0 0 0 0 0 0 0 0 0 2 9445.1333 
sw085a002_9376 5 1.312405 0.4488211 0.4514678 0.2038229 0.2082932 0 0 0 0 0 0 0 0 0 0 0 0 0 0 0 0 0 0 0 0 0 0 0 0 2 9451.2341 
sw085a002_9376 5 1.4185579 0.4555941 0.4453219 0.2078398 0.3098021 0 0 0 0 0 0 0 0 0 0 0 0 0 0 0 0 0 0 0 0 0 0 0 0 2 9454.8551 
sw085a002_9376 5 1.1649 0.422575 0.4118417 0.1619083 0.168575 0 0 0 0 0 0 0 0 0 0 0 0 0 0 0 0 0 0 0 0 0 0 0 0 1 9455.5743 
sw085a002_9376 5 1.2876381 0.4590356 0.4295833 0.1959524 0.2030668 0 0 0 0 0 0 0 0 0 0 0 0 0 0 0 0 0 0 0 0 0 0 0 0 2 9459.7229 
sw085a002_9376 5 1.161175 0.4235083 0.3980917 0.16115 0.178425 0 0 0 0 0 0 0 0 0 0 0 0 0 0 0 0 0 0 0 0 0 0 0 0 1 9460.2289 
sw085a002_9376 5 1.3158695 0.4654702 0.4367503 0.2075666 0.2060824 0 0 0 0 0 0 0 0 0 0 0 0 0 0 0 0 0 0 0 0 0 0 0 0 2 9464.1279 
sw085a002_9376 5 1.1399583 0.4207833 0.394075 0.1573083 0.1677917 0 0 0 0 0 0 0 0 0 0 0 0 0 0 0 0 0 0 0 0 0 0 0 0 1 9464.9846 
sw085a002_9376 5 1.1531584 0.4179334 0.4042416 0.1740163 0.1569671 0 0 0 0 0 0 0 0 0 0 0 0 0 0 0 0 0 0 0 0 0 0 0 0 1 9469.3378 
sw085a002_9376 5 0.5101352 0.108904 0.1351155 0.1310629 0.1350528 0 0 0 0 0 0 0 0 0 0 0 0 0 0 0 0 0 0 0 0 0 0 0 0 3 9470.32 
sw085a002_9376 5 0.5058084 0.115925 0.1290334 0.12475 0.1361 0 0 0 0 0 0 0 0 0 0 0 0 0 0 0 0 0 0 0 0 0 0 0 0 3 9473.8435 
sw085a002_9376 5 0.4993084 0.1179417 0.1255917 0.122425 0.13335 0 0 0 0 0 0 0 0 0 0 0 0 0 0 0 0 0 0 0 0 0 0 0 0 3 9475.9232 
sw085a002_9376 5 1.13155 0.3957084 0.3822333 0.1811833 0.172425 0 0 0 0 0 0 0 0 0 0 0 0 0 0 0 0 0 0 0 0 0 0 0 0 1 9481.123 
sw085a002_9376 5 1.0033839 0.386524 0.3321183 0.1321166 0.152625 0 0 0 0 0 0 0 0 0 0 0 0 0 0 0 0 0 0 0 0 0 0 0 0 3 9482.3963 
sw085a002_9376 5 1.1096155 0.4079557 0.379484 0.1653575 0.1568183 0 0 0 0 0 0 0 0 0 0 0 0 0 0 0 0 0 0 0 0 0 0 0 0 2 9483.2073 
sw085a002_9376 5 1.1253498 0.4090283 0.353752 0.195965 0.1666045 0 0 0 0 0 0 0 0 0 0 0 0 0 0 0 0 0 0 0 0 0 0 0 0 2 9486.1852 
sw085a002_9376 5 0.9916971 0.3764959 0.3309944 0.1349916 0.1492152 0 0 0 0 0 0 0 0 0 0 0 0 0 0 0 0 0 0 0 0 0 0 0 0 3 9486.2447 
sw085a002_9376 5 1.0302692 0.3854141 0.3530807 0.1330472 0.1587272 0 0 0 0 0 0 0 0 0 0 0 0 0 0 0 0 0 0 0 0 0 0 0 0 3 9489.7666 
sw085a002_9376 5 1.0472159 0.3944965 0.3657511 0.1603258 0.1266425 0 0 0 0 0 0 0 0 0 0 0 0 0 0 0 0 0 0 0 0 0 0 0 0 2 9489.9353 
sw085a002_9376 5 1.1393674 0.4164915 0.3818695 0.1770156 0.1639908 0 0 0 0 0 0 0 0 0 0 0 0 0 0 0 0 0 0 0 0 0 0 0 0 2 9494.1559 
sw085a002_9376 5 1.0433136 0.375885 0.3651959 0.1412015 0.1610312 0 0 0 0 0 0 0 0 0 0 0 0 0 0 0 0 0 0 0 0 0 0 0 0 3 9494.4161 
sw085a002_9376 5 1.25605 0.4322167 0.4216333 0.2025917 0.1996083 0 0 0 0 0 0 0 0 0 0 0 0 0 0 0 0 0 0 0 0 0 0 0 0 1 9496.8239 
sw085a002_9376 5 1.1539673 0.4189285 0.4032285 0.1525877 0.1792226 0 0 0 0 0 0 0 0 0 0 0 0 0 0 0 0 0 0 0 0 0 0 0 0 3 9500.8662 
sw085a002_9376 5 1.19745 0.43385 0.378088 0.1958954 0.1896166 0 0 0 0 0 0 0 0 0 0 0 0 0 0 0 0 0 0 0 0 0 0 0 0 1 9501.121 
sw085a002_9376 5 1.2336584 0.4302 0.4100334 0.1989666 0.1944584 0 0 0 0 0 0 0 0 0 0 0 0 0 0 0 0 0 0 0 0 0 0 0 0 1 9504.8368 
sw085a002_9376 5 1.1147832 0.4256667 0.3852889 0.1467836 0.157044 0 0 0 0 0 0 0 0 0 0 0 0 0 0 0 0 0 0 0 0 0 0 0 0 3 9505.3979 
sw085a002_9376 5 1.2559917 0.4335333 0.4116834 0.2171287 0.1936463 0 0 0 0 0 0 0 0 0 0 0 0 0 0 0 0 0 0 0 0 0 0 0 0 1 9508.8093 
sw085a002_9376 5 1.1303888 0.4438111 0.3763758 0.1471603 0.1630416 0 0 0 0 0 0 0 0 0 0 0 0 0 0 0 0 0 0 0 0 0 0 0 0 3 9509.4311 
sw085a002_9376 5 1.24645 0.4262084 0.41545 0.20995 0.1948416 0 0 0 0 0 0 0 0 0 0 0 0 0 0 0 0 0 0 0 0 0 0 0 0 1 9512.7609 
sw085a002_9376 5 1.1284212 0.4291923 0.3819021 0.1510591 0.1662677 0 0 0 0 0 0 0 0 0 0 0 0 0 0 0 0 0 0 0 0 0 0 0 0 3 9513.6855 
sw085a002_9376 5 1.254775 0.4396584 0.4050416 0.2072834 0.2027916 0 0 0 0 0 0 0 0 0 0 0 0 0 0 0 0 0 0 0 0 0 0 0 0 1 9517.0761 
sw085a002_9376 5 1.1668047 0.4360288 0.3993244 0.1541836 0.1772679 0 0 0 0 0 0 0 0 0 0 0 0 0 0 0 0 0 0 0 0 0 0 0 0 3 9518.4736 
sw085a002_9376 5 1.1562423 0.4398919 0.3967526 0.1443553 0.1752425 0 0 0 0 0 0 0 0 0 0 0 0 0 0 0 0 0 0 0 0 0 0 0 0 3 9522.512 
sw085a002_9376 5 1.1695638 0.4577766 0.3974598 0.1483274 0.166 0 0 0 0 0 0 0 0 0 0 0 0 0 0 0 0 0 0 0 0 0 0 0 0 3 9527.0539 
sw085a002_9376 6 1.5032083 0.4592333 0.4001 0.1998834 0.1855833 0.2584083 0 0 0 0 0 0 0 0 0 0 0 0 0 0 0 0 0 0 0 0 0 0 0 1 9527.1981 
sw085a002_9376 6 1.4693917 0.4538417 0.42365 0.1690417 0.175425 0.2474333 0 0 0 0 0 0 0 0 0 0 0 0 0 0 0 0 0 0 0 0 0 0 0 1 9531.4073 
sw085a002_9376 5 1.1454714 0.4413053 0.4033456 0.1359488 0.1648717 0 0 0 0 0 0 0 0 0 0 0 0 0 0 0 0 0 0 0 0 0 0 0 0 3 9531.8026 
sw085a002_9376 7 1.5676917 0.4426167 0.4267 0.15385 0.14965 0.17275 0.222125 0 0 0 0 0 0 0 0 0 0 0 0 0 0 0 0 0 0 0 0 0 0 1 9536.9583 
sw085a002_9376 7 1.5293167 0.4567 0.3758417 0.1432654 0.1425346 0.1619333 0.2490417 0 0 0 0 0 0 0 0 0 0 0 0 0 0 0 0 0 0 0 0 0 0 1 9542.1574 
sw085a002_9376 6 1.3438113 0.4574579 0.3802087 0.0452077 0.2724679 0.1884691 0 0 0 0 0 0 0 0 0 0 0 0 0 0 0 0 0 0 0 0 0 0 0 3 9542.6919 
sw085a002_9376 9 1.7775667 0.4347667 0.3772667 0.12575 0.1002166 0.1266834 0.1546666 0.155925 0.3022917 0 0 0 0 0 0 0 0 0 0 0 0 0 0 0 0 0 0 0 0 1 9547.6439 
sw085a002_9376 5 1.1197735 0.4092235 0.3760593 0.1714007 0.16309 0 0 0 0 0 0 0 0 0 0 0 0 0 0 0 0 0 0 0 0 0 0 0 0 3 9553.7666 
sw085a002_9376 5 1.0961417 0.3736834 0.3605666 0.18965 0.1722417 0 0 0 0 0 0 0 0 0 0 0 0 0 0 0 0 0 0 0 0 0 0 0 0 1 9554.0543 
sw085a002_9376 5 1.121675 0.36505 0.3748667 0.2055 0.1762583 0 0 0 0 0 0 0 0 0 0 0 0 0 0 0 0 0 0 0 0 0 0 0 0 1 9559.7775 
sw085a002_9376 21 1.1701654 0.0369032 0.0362276 0.0382302 0.052841 0.0384442 0.0566444 0.0429975 0.041993 0.0404128 0.0387263 0.0386558 0.039268 0.0408179 0.0445811 0.0596977 0.0937037 0.1080912 0.1183974 0.0923727 0.1111597 0 0 0 0 0 0 0 0 3 9566.3952 
sw085a002_9376 5 1.0168334 0.3467964 0.3396703 0.1698917 0.160475 0 0 0 0 0 0 0 0 0 0 0 0 0 0 0 0 0 0 0 0 0 0 0 0 1 9566.5979 
sw085a002_9376 5 0.9860084 0.3329584 0.30985 0.1768583 0.1663417 0 0 0 0 0 0 0 0 0 0 0 0 0 0 0 0 0 0 0 0 0 0 0 0 1 9570.499 
sw085a002_9376 21 1.1157584 0.0342052 0.0352368 0.0365174 0.0409433 0.0469604 0.0492381 0.0404911 0.0419034 0.0408587 0.0398661 0.0390245 0.0390605 0.0390687 0.0408464 0.0462899 0.0236482 0.0434195 0.0899279 0.1329839 0.2152684 0 0 0 0 0 0 0 0 3 9574.2667 
sw085a002_9376 5 1.011075 0.3315167 0.3156416 0.1931417 0.170775 0 0 0 0 0 0 0 0 0 0 0 0 0 0 0 0 0 0 0 0 0 0 0 0 1 9574.9008 
sw085a002_9376 5 1.002025 0.3231834 0.3285416 0.1889084 0.1613916 0 0 0 0 0 0 0 0 0 0 0 0 0 0 0 0 0 0 0 0 0 0 0 0 1 9578.4769 
sw085a002_9376 5 1.1539931 0.392941 0.3927986 0.2005712 0.1676823 0 0 0 0 0 0 0 0 0 0 0 0 0 0 0 0 0 0 0 0 0 0 0 0 3 9581.4063 
sw085a002_9376 5 0.9974917 0.3322584 0.302175 0.20095 0.1621083 0 0 0 0 0 0 0 0 0 0 0 0 0 0 0 0 0 0 0 0 0 0 0 0 1 9582.5006 
sw085a002_9376 5 1.0827715 0.3612481 0.3653111 0.1888931 0.1673192 0 0 0 0 0 0 0 0 0 0 0 0 0 0 0 0 0 0 0 0 0 0 0 0 3 9585.1627 
sw085a002_9376 5 1.0103417 0.3318667 0.3111 0.1977917 0.1695833 0 0 0 0 0 0 0 0 0 0 0 0 0 0 0 0 0 0 0 0 0 0 0 0 1 9586.2966 
