sw085a001_116 5 1.2803234 0.4557983 0.4633566 0.1815895 0.179579 0 0 0 0 0 0 0 0 0 0 0 0 0 0 0 0 0 0 0 0 0 0 0 0 2 123.6446 
sw085a001_116 5 1.1989167 0.4323 0.4185334 0.1728916 0.1751917 0 0 0 0 0 0 0 0 0 0 0 0 0 0 0 0 0 0 0 0 0 0 0 0 1 124.0741 
sw085a001_116 5 1.2807715 0.4456631 0.446425 0.177875 0.2108084 0 0 0 0 0 0 0 0 0 0 0 0 0 0 0 0 0 0 0 0 0 0 0 0 2 127.6934 
sw085a001_116 5 1.2979049 0.4518826 0.4654165 0.202897 0.1777088 0 0 0 0 0 0 0 0 0 0 0 0 0 0 0 0 0 0 0 0 0 0 0 0 2 131.6661 
sw085a001_116 5 1.1761584 0.4222334 0.4102666 0.171375 0.1722834 0 0 0 0 0 0 0 0 0 0 0 0 0 0 0 0 0 0 0 0 0 0 0 0 1 132.1363 
sw085a001_116 5 1.2413425 0.434347 0.41731 0.2099749 0.1797106 0 0 0 0 0 0 0 0 0 0 0 0 0 0 0 0 0 0 0 0 0 0 0 0 2 135.7651 
sw085a001_116 5 1.1653667 0.401525 0.4295 0.1606667 0.173675 0 0 0 0 0 0 0 0 0 0 0 0 0 0 0 0 0 0 0 0 0 0 0 0 1 136.3335 
sw085a001_116 5 1.2750417 0.4493833 0.4521417 0.2029917 0.170525 0 0 0 0 0 0 0 0 0 0 0 0 0 0 0 0 0 0 0 0 0 0 0 0 2 139.95 
sw085a001_116 5 1.2388842 0.4375437 0.4141687 0.2010832 0.1860886 0 0 0 0 0 0 0 0 0 0 0 0 0 0 0 0 0 0 0 0 0 0 0 0 2 144.3248 
sw085a001_116 5 1.2098083 0.4446 0.40845 0.1754 0.1813583 0 0 0 0 0 0 0 0 0 0 0 0 0 0 0 0 0 0 0 0 0 0 0 0 1 144.6802 
