sw085a001_2121 5 1.2803 0.449225 0.4170584 0.2163916 0.197625 0 0 0 0 0 0 0 0 0 0 0 0 0 0 0 0 0 0 0 0 0 0 0 0 1 2132.2347 
sw085a001_2121 5 0.6363167 0.04625 0.2258417 0.1852916 0.1789334 0 0 0 0 0 0 0 0 0 0 0 0 0 0 0 0 0 0 0 0 0 0 0 0 2 2133.9101 
sw085a001_2121 5 1.3142333 0.4417667 0.4469916 0.215175 0.2103 0 0 0 0 0 0 0 0 0 0 0 0 0 0 0 0 0 0 0 0 0 0 0 0 1 2137.2812 
sw085a001_2121 5 0.6507333 0.0447167 0.2264 0.194025 0.1855916 0 0 0 0 0 0 0 0 0 0 0 0 0 0 0 0 0 0 0 0 0 0 0 0 2 2139.2722 
sw085a001_2121 5 1.3190417 0.4403 0.445575 0.2081834 0.2249833 0 0 0 0 0 0 0 0 0 0 0 0 0 0 0 0 0 0 0 0 0 0 0 0 1 2142.8302 
sw085a001_2121 5 0.6817873 0.0499096 0.2816278 0.1729151 0.1773348 0 0 0 0 0 0 0 0 0 0 0 0 0 0 0 0 0 0 0 0 0 0 0 0 2 2143.7832 
sw085a001_2121 5 1.277225 0.4391584 0.409725 0.2201833 0.2081583 0 0 0 0 0 0 0 0 0 0 0 0 0 0 0 0 0 0 0 0 0 0 0 0 1 2147.8134 
sw085a001_2121 5 1.1866061 0.4326109 0.4174233 0.1737848 0.1627871 0 0 0 0 0 0 0 0 0 0 0 0 0 0 0 0 0 0 0 0 0 0 0 0 2 2148.3984 
sw085a001_2121 5 1.2821 0.434725 0.4119084 0.218225 0.2172416 0 0 0 0 0 0 0 0 0 0 0 0 0 0 0 0 0 0 0 0 0 0 0 0 1 2152.6225 
sw085a001_2121 5 1.1741181 0.4365909 0.4017437 0.1552038 0.1805797 0 0 0 0 0 0 0 0 0 0 0 0 0 0 0 0 0 0 0 0 0 0 0 0 2 2153.3159 
sw085a001_2121 5 1.2557917 0.4298084 0.4104833 0.2203416 0.1951584 0 0 0 0 0 0 0 0 0 0 0 0 0 0 0 0 0 0 0 0 0 0 0 0 1 2157.37 
sw085a001_2121 5 1.1578423 0.4201257 0.3958845 0.1730749 0.1687572 0 0 0 0 0 0 0 0 0 0 0 0 0 0 0 0 0 0 0 0 0 0 0 0 2 2157.7902 
sw085a001_2121 5 1.2859917 0.4429 0.432175 0.1930939 0.2178167 0 0 0 0 0 0 0 0 0 0 0 0 0 0 0 0 0 0 0 0 0 0 0 0 1 2162.0267 
sw085a001_2121 5 1.1598692 0.4390665 0.3947282 0.1539642 0.1721103 0 0 0 0 0 0 0 0 0 0 0 0 0 0 0 0 0 0 0 0 0 0 0 0 2 2162.6559 
sw085a001_2121 5 1.2111883 0.4452627 0.4128526 0.1635798 0.1894932 0 0 0 0 0 0 0 0 0 0 0 0 0 0 0 0 0 0 0 0 0 0 0 0 2 2167.5064 
sw085a001_2121 5 1.25155 0.4332 0.416675 0.2078 0.193875 0 0 0 0 0 0 0 0 0 0 0 0 0 0 0 0 0 0 0 0 0 0 0 0 1 2167.527 
sw085a001_2121 5 1.2526416 0.4246916 0.4277084 0.2048554 0.1953833 0 0 0 0 0 0 0 0 0 0 0 0 0 0 0 0 0 0 0 0 0 0 0 0 1 2171.9127 
sw085a001_2121 5 1.1673561 0.4442899 0.3819074 0.1629675 0.1781913 0 0 0 0 0 0 0 0 0 0 0 0 0 0 0 0 0 0 0 0 0 0 0 0 2 2172.1437 
sw085a001_2121 5 1.2709667 0.4412334 0.40915 0.2180666 0.2025167 0 0 0 0 0 0 0 0 0 0 0 0 0 0 0 0 0 0 0 0 0 0 0 0 1 2176.419 
sw085a001_2121 5 1.2024802 0.4502263 0.4108007 0.1622028 0.1792504 0 0 0 0 0 0 0 0 0 0 0 0 0 0 0 0 0 0 0 0 0 0 0 0 2 2177.307 
sw085a001_2121 5 1.2365334 0.431175 0.408625 0.2059334 0.1908 0 0 0 0 0 0 0 0 0 0 0 0 0 0 0 0 0 0 0 0 0 0 0 0 1 2181.4972 
sw085a001_2121 5 1.194074 0.4431355 0.4173789 0.1583787 0.1751809 0 0 0 0 0 0 0 0 0 0 0 0 0 0 0 0 0 0 0 0 0 0 0 0 2 2181.7148 
sw085a001_2121 5 1.2219667 0.4238333 0.41425 0.1988417 0.1850417 0 0 0 0 0 0 0 0 0 0 0 0 0 0 0 0 0 0 0 0 0 0 0 0 1 2186.1384 
sw085a001_2121 5 1.1923126 0.4528702 0.4092763 0.158758 0.1714081 0 0 0 0 0 0 0 0 0 0 0 0 0 0 0 0 0 0 0 0 0 0 0 0 2 2186.2536 
sw085a001_2121 5 1.2018227 0.4152143 0.397375 0.2019084 0.187325 0 0 0 0 0 0 0 0 0 0 0 0 0 0 0 0 0 0 0 0 0 0 0 0 1 2190.5884 
sw085a001_2121 5 1.1972592 0.4423837 0.4114635 0.1588229 0.1845891 0 0 0 0 0 0 0 0 0 0 0 0 0 0 0 0 0 0 0 0 0 0 0 0 2 2190.6038 
sw085a001_2121 5 1.2266416 0.4223333 0.4041417 0.20165 0.1985166 0 0 0 0 0 0 0 0 0 0 0 0 0 0 0 0 0 0 0 0 0 0 0 0 1 2194.4303 
sw085a001_2121 5 1.2481584 0.4327834 0.4145583 0.2001917 0.200625 0 0 0 0 0 0 0 0 0 0 0 0 0 0 0 0 0 0 0 0 0 0 0 0 1 2198.9992 
sw085a001_2121 5 1.200941 0.4432664 0.4259112 0.1584525 0.1733109 0 0 0 0 0 0 0 0 0 0 0 0 0 0 0 0 0 0 0 0 0 0 0 0 2 2199.5109 
sw085a001_2121 5 1.2688504 0.4311092 0.4196193 0.2164537 0.2016682 0 0 0 0 0 0 0 0 0 0 0 0 0 0 0 0 0 0 0 0 0 0 0 0 1 2203.8189 
sw085a001_2121 5 1.1405055 0.4418899 0.382153 0.14728 0.1691826 0 0 0 0 0 0 0 0 0 0 0 0 0 0 0 0 0 0 0 0 0 0 0 0 2 2204.3274 
sw085a001_2121 5 1.1718321 0.4314821 0.3989583 0.1588334 0.1825583 0 0 0 0 0 0 0 0 0 0 0 0 0 0 0 0 0 0 0 0 0 0 0 0 1 2209.7305 
sw085a001_2121 5 1.266275 0.430125 0.4257833 0.2088917 0.201475 0 0 0 0 0 0 0 0 0 0 0 0 0 0 0 0 0 0 0 0 0 0 0 0 1 2214.5287 
sw085a001_2121 5 1.1424184 0.4212649 0.3964176 0.1553426 0.1693933 0 0 0 0 0 0 0 0 0 0 0 0 0 0 0 0 0 0 0 0 0 0 0 0 2 2214.9142 
sw085a001_2121 5 1.28115 0.4499333 0.41455 0.213525 0.2031417 0 0 0 0 0 0 0 0 0 0 0 0 0 0 0 0 0 0 0 0 0 0 0 0 1 2219.4817 
sw085a001_2121 5 1.1622478 0.426447 0.396789 0.1576532 0.1813586 0 0 0 0 0 0 0 0 0 0 0 0 0 0 0 0 0 0 0 0 0 0 0 0 2 2219.8457 
sw085a001_2121 5 1.2727833 0.4388666 0.4241584 0.2112416 0.1985167 0 0 0 0 0 0 0 0 0 0 0 0 0 0 0 0 0 0 0 0 0 0 0 0 1 2224.0438 
sw085a001_2121 5 1.1840359 0.444857 0.403561 0.1667435 0.1688744 0 0 0 0 0 0 0 0 0 0 0 0 0 0 0 0 0 0 0 0 0 0 0 0 2 2224.2343 
sw085a001_2121 5 1.2759674 0.4382084 0.419 0.2084333 0.2103257 0 0 0 0 0 0 0 0 0 0 0 0 0 0 0 0 0 0 0 0 0 0 0 0 1 2228.6866 
sw085a001_2121 5 1.2856583 0.4484167 0.4223416 0.2056834 0.2092166 0 0 0 0 0 0 0 0 0 0 0 0 0 0 0 0 0 0 0 0 0 0 0 0 1 2234.4252 
sw085a001_2121 5 1.2931333 0.4357333 0.4328167 0.2111166 0.2134667 0 0 0 0 0 0 0 0 0 0 0 0 0 0 0 0 0 0 0 0 0 0 0 0 1 2239.1971 
sw085a001_2121 5 1.1904192 0.4334525 0.4226833 0.1555667 0.1787167 0 0 0 0 0 0 0 0 0 0 0 0 0 0 0 0 0 0 0 0 0 0 0 0 1 2242.1695 
sw085a001_2121 5 1.1809584 0.43555 0.410775 0.147075 0.1875584 0 0 0 0 0 0 0 0 0 0 0 0 0 0 0 0 0 0 0 0 0 0 0 0 1 2246.2911 
sw085a001_2121 5 1.1562417 0.429125 0.396225 0.153525 0.1773667 0 0 0 0 0 0 0 0 0 0 0 0 0 0 0 0 0 0 0 0 0 0 0 0 1 2250.7144 
sw085a001_2121 5 1.302925 0.445975 0.4344666 0.215725 0.2067584 0 0 0 0 0 0 0 0 0 0 0 0 0 0 0 0 0 0 0 0 0 0 0 0 1 2255.2843 
sw085a001_2121 5 1.2842167 0.4467917 0.4154583 0.209975 0.2119917 0 0 0 0 0 0 0 0 0 0 0 0 0 0 0 0 0 0 0 0 0 0 0 0 1 2260.6462 
sw085a001_2121 5 1.2831334 0.4535334 0.3996583 0.216825 0.2131167 0 0 0 0 0 0 0 0 0 0 0 0 0 0 0 0 0 0 0 0 0 0 0 0 1 2265.2736 
sw085a001_2121 7 1.6034416 0.4347083 0.4296667 0.1728 0.1572083 0.17205 0.2370083 0 0 0 0 0 0 0 0 0 0 0 0 0 0 0 0 0 0 0 0 0 0 1 2270.1569 
sw085a001_2121 5 1.1783 0.3920833 0.3826167 0.2157333 0.1878667 0 0 0 0 0 0 0 0 0 0 0 0 0 0 0 0 0 0 0 0 0 0 0 0 1 2275.6554 
sw085a001_2121 19 1.1556916 0.0376333 0.0370833 0.040825 0.0556584 0.0441166 0.052925 0.0421667 0.0442359 0.0420141 0.0415417 0.0411 0.0420166 0.0423667 0.0486667 0.0797583 0.107075 0.16245 0.1940583 0 0 0 0 0 0 0 0 0 0 2 2279.4687 
sw085a001_2121 5 1.1784333 0.3915416 0.3850917 0.2135917 0.1882083 0 0 0 0 0 0 0 0 0 0 0 0 0 0 0 0 0 0 0 0 0 0 0 0 1 2281.2774 
sw085a001_2121 21 1.3672401 0.0367917 0.0362416 0.036875 0.0420417 0.05075 0.0489917 0.0421416 0.0423 0.0418167 0.0404917 0.039625 0.0395833 0.04045 0.0418333 0.0487167 0.0835075 0.1023353 0.1385637 0.2072741 0.2069095 0 0 0 0 0 0 0 0 2 2288.6635 
sw085a001_2121 5 1.1355 0.3701416 0.3670167 0.2184583 0.1798834 0 0 0 0 0 0 0 0 0 0 0 0 0 0 0 0 0 0 0 0 0 0 0 0 1 2289.6606 
