sw085a002_10505 5 0.3323173 0.0956693 0.0927508 0.0772707 0.0666265 0 0 0 0 0 0 0 0 0 0 0 0 0 0 0 0 0 0 0 0 0 0 0 0 2 10510.2502 
sw085a002_10505 5 0.4837 0.117175 0.1302916 0.1129334 0.1233 0 0 0 0 0 0 0 0 0 0 0 0 0 0 0 0 0 0 0 0 0 0 0 0 1 10514.3159 
sw085a002_10505 5 0.3216583 0.090975 0.0918416 0.0744917 0.06435 0 0 0 0 0 0 0 0 0 0 0 0 0 0 0 0 0 0 0 0 0 0 0 0 2 10517.9414 
sw085a002_10505 5 0.4988667 0.1181417 0.1281417 0.1192416 0.1333417 0 0 0 0 0 0 0 0 0 0 0 0 0 0 0 0 0 0 0 0 0 0 0 0 1 10519.9678 
sw085a002_10505 5 0.477284 0.1250916 0.1246834 0.1095583 0.1179507 0 0 0 0 0 0 0 0 0 0 0 0 0 0 0 0 0 0 0 0 0 0 0 0 1 10524.9926 
sw085a002_10505 5 0.328859 0.0874384 0.1005006 0.0774341 0.0634859 0 0 0 0 0 0 0 0 0 0 0 0 0 0 0 0 0 0 0 0 0 0 0 0 2 10525.2777 
sw085a002_10505 5 0.5027834 0.1247917 0.1317833 0.1106 0.1356084 0 0 0 0 0 0 0 0 0 0 0 0 0 0 0 0 0 0 0 0 0 0 0 0 1 10530.2505 
sw085a002_10505 5 0.340278 0.0898764 0.097539 0.0841366 0.068726 0 0 0 0 0 0 0 0 0 0 0 0 0 0 0 0 0 0 0 0 0 0 0 0 2 10530.8502 
sw085a002_10505 5 0.486575 0.1266 0.122675 0.1121083 0.1251917 0 0 0 0 0 0 0 0 0 0 0 0 0 0 0 0 0 0 0 0 0 0 0 0 1 10536.0161 
sw085a002_10505 5 0.3173096 0.0864891 0.0918821 0.0726119 0.0663265 0 0 0 0 0 0 0 0 0 0 0 0 0 0 0 0 0 0 0 0 0 0 0 0 2 10536.1212 
