sw085a001_1851 1 0 0 0 0 0 0 0 0 0 0 0 0 0 0 0 0 0 0 0 0 0 0 0 0 0 0 0 0 0 2 1868.6206 
sw085a001_1851 2 0.7761062 0.7761062 0 0 0 0 0 0 0 0 0 0 0 0 0 0 0 0 0 0 0 0 0 0 0 0 0 0 0 2 1869.4486 
sw085a001_1851 6 1.4972188 0.499843 0.422728 0.1816108 0.1890807 0.2039563 0 0 0 0 0 0 0 0 0 0 0 0 0 0 0 0 0 0 0 0 0 0 0 2 1876.7449 
sw085a001_1851 7 1.5867991 0.4831444 0.4155851 0.1641282 0.1753153 0.162654 0.1859721 0 0 0 0 0 0 0 0 0 0 0 0 0 0 0 0 0 0 0 0 0 0 2 1882.2066 
sw085a001_1851 20 1.0954031 0.0384919 0.0386917 0.0000001 0.0454583 0.0000001 0.058025 0.0501252 0.0437335 0.0441918 0.0415834 0.0403669 0.0403667 0.0398251 0.0426501 0.0479835 0.0771335 0.0992585 0.1411338 0.206384 0 0 0 0 0 0 0 0 0 2 1897.9643 
sw085a001_1851 24 1.200803 0.0383122 0.0388056 0.0000031 0.0442487 0.0644587 0.041874 0.0442938 0.046839 0.0000035 0.0000031 0.0422734 0.0417787 0.0000053 0.0000013 0.0406795 0.0410812 0.0413533 0.0434493 0.0550616 0.0849855 0.1159736 0.157549 0.2177696 0 0 0 0 0 2 1908.05 
sw085a001_1851 6 0.523925 0.1000417 0.121625 0.1057333 0.090825 0.1057 0 0 0 0 0 0 0 0 0 0 0 0 0 0 0 0 0 0 0 0 0 0 0 1 1915.633 
sw085a001_1851 8 0.67705 0.0637584 0.1089666 0.1060417 0.0847833 0.0760667 0.0896 0.1478333 0 0 0 0 0 0 0 0 0 0 0 0 0 0 0 0 0 0 0 0 0 1 1920.7977 
sw085a001_1851 9 0.7117167 0.0672667 0.095 0.1071083 0.0877584 0.07425 0.0774083 0.0869333 0.1159917 0 0 0 0 0 0 0 0 0 0 0 0 0 0 0 0 0 0 0 0 1 1925.6063 
sw085a001_1851 19 1.1359224 0.0364438 0.03523 0.0344224 0.0544191 0.0479155 0.0485161 0.0424382 0.0446917 0.0399449 0.039115 0.0383149 0.0395966 0.0376266 0.0553866 0.0831166 0.1185099 0.1571598 0.1830747 0 0 0 0 0 0 0 0 0 0 2 1926.1059 
sw085a001_1851 9 0.6678917 0.0717583 0.08425 0.09485 0.0943584 0.0765166 0.0739084 0.077125 0.095125 0 0 0 0 0 0 0 0 0 0 0 0 0 0 0 0 0 0 0 0 1 1927.4473 
sw085a001_1851 12 0.86155 0.0749 0.0757334 0.0827083 0.0784417 0.0750416 0.072925 0.0645334 0.0705166 0.0718084 0.088725 0.1062166 0 0 0 0 0 0 0 0 0 0 0 0 0 0 0 0 0 1 1928.679947 
sw085a001_1851 5 1.0132415 0.3443278 0.344178 0.1695805 0.1551552 0 0 0 0 0 0 0 0 0 0 0 0 0 0 0 0 0 0 0 0 0 0 0 0 2 1931.8305 
sw085a001_1851 5 0.7823666 0.2408083 0.2448167 0.1578416 0.1389 0 0 0 0 0 0 0 0 0 0 0 0 0 0 0 0 0 0 0 0 0 0 0 0 1 1932.2515 
sw085a001_1851 5 0.9974209 0.3485491 0.3192663 0.1783111 0.1512944 0 0 0 0 0 0 0 0 0 0 0 0 0 0 0 0 0 0 0 0 0 0 0 0 2 1935.0535 
sw085a001_1851 5 0.8254166 0.2397083 0.2635 0.1602167 0.1619916 0 0 0 0 0 0 0 0 0 0 0 0 0 0 0 0 0 0 0 0 0 0 0 0 1 1935.282 
sw085a001_1851 5 0.7618583 0.198675 0.2588583 0.1565 0.147825 0 0 0 0 0 0 0 0 0 0 0 0 0 0 0 0 0 0 0 0 0 0 0 0 1 1938.2262 
sw085a001_1851 5 0.7944679 0.24325 0.2514666 0.1654584 0.1342929 0 0 0 0 0 0 0 0 0 0 0 0 0 0 0 0 0 0 0 0 0 0 0 0 1 1941.1709 
sw085a001_1851 20 1.1149727 0.000004 0.0357957 0.0345805 0.0364928 0.0467375 0.0466778 0.0476276 0.0398616 0.0424151 0.0374941 0.0392761 0.0392372 0.0415883 0.041967 0.0565947 0.0804363 0.103012 0.1412672 0.2039072 0 0 0 0 0 0 0 0 0 2 1941.5009 
sw085a001_1851 6 1.0240417 0.2234167 0.2411 0.16725 0.1233083 0.2689667 0 0 0 0 0 0 0 0 0 0 0 0 0 0 0 0 0 0 0 0 0 0 0 1 1944.1772 
sw085a001_1851 5 0.8040417 0.2501667 0.2317833 0.1730432 0.1490485 0 0 0 0 0 0 0 0 0 0 0 0 0 0 0 0 0 0 0 0 0 0 0 0 1 1947.7227 
sw085a001_1851 20 1.1781318 0.0369856 0.0358583 0.0364595 0.047569 0.0522678 0.042988 0.0421119 0.0478221 0.0338337 0.0385381 0.0379428 0.038769 0.0400559 0.045832 0.0639107 0.0933154 0.1281938 0.1385141 0.1771641 0 0 0 0 0 0 0 0 0 2 1948.1913 
sw085a001_1851 5 0.738475 0.1980589 0.2341 0.1559584 0.1503577 0 0 0 0 0 0 0 0 0 0 0 0 0 0 0 0 0 0 0 0 0 0 0 0 1 1951.7302 
sw085a001_1851 20 0.9620221 0.0345413 0.0342653 0.0342275 0.0460851 0.0378832 0.0463616 0.0420504 0.0392128 0.0401735 0.0316842 0.0428112 0.0367012 0.0373956 0.0389227 0.0445698 0.0520831 0.0794015 0.1025744 0.1410777 0 0 0 0 0 0 0 0 0 2 1951.7857 
sw085a001_1851 5 0.7623166 0.2259 0.230625 0.15745 0.1483416 0 0 0 0 0 0 0 0 0 0 0 0 0 0 0 0 0 0 0 0 0 0 0 0 1 1955.329 
sw085a001_1851 5 0.8043667 0.2562917 0.2207666 0.1781334 0.149175 0 0 0 0 0 0 0 0 0 0 0 0 0 0 0 0 0 0 0 0 0 0 0 0 1 1959.3827 
sw085a001_1851 5 1.010531 0.3478646 0.3450557 0.155904 0.1617067 0 0 0 0 0 0 0 0 0 0 0 0 0 0 0 0 0 0 0 0 0 0 0 0 2 1959.3859 
sw085a001_1851 5 0.8500333 0.2562167 0.2521833 0.1840417 0.1575916 0 0 0 0 0 0 0 0 0 0 0 0 0 0 0 0 0 0 0 0 0 0 0 0 1 1962.8852 
sw085a001_1851 5 0.900125 0.2706917 0.291225 0.1751417 0.1630666 0 0 0 0 0 0 0 0 0 0 0 0 0 0 0 0 0 0 0 0 0 0 0 0 1 1966.9832 
sw085a001_1851 5 1.0254696 0.3543681 0.3387165 0.1694318 0.1629532 0 0 0 0 0 0 0 0 0 0 0 0 0 0 0 0 0 0 0 0 0 0 0 0 2 1967.2172 
sw085a001_1851 5 0.9329917 0.2933833 0.3054834 0.1711166 0.1630084 0 0 0 0 0 0 0 0 0 0 0 0 0 0 0 0 0 0 0 0 0 0 0 0 1 1970.8727 
sw085a001_1851 5 0.9624037 0.328434 0.3189024 0.1644888 0.1505785 0 0 0 0 0 0 0 0 0 0 0 0 0 0 0 0 0 0 0 0 0 0 0 0 2 1970.9233 
sw085a001_1851 5 0.9717584 0.3104334 0.3028416 0.1944084 0.164075 0 0 0 0 0 0 0 0 0 0 0 0 0 0 0 0 0 0 0 0 0 0 0 0 1 1974.9037 
sw085a001_1851 5 0.9998 0.3315417 0.3125417 0.1855333 0.1701833 0 0 0 0 0 0 0 0 0 0 0 0 0 0 0 0 0 0 0 0 0 0 0 0 1 1978.8968 
sw085a001_1851 20 1.2111982 0.0371399 0.035518 0.0372293 0.0485751 0.0484433 0.0448849 0.040939 0.0350954 0.0440695 0.0379224 0.0375883 0.0396973 0.0399302 0.0477202 0.0731197 0.0751753 0.1280901 0.133158 0.2269023 0 0 0 0 0 0 0 0 0 2 1979.2131 
sw085a001_1851 5 0.9838975 0.3281129 0.3035871 0.182125 0.1700725 0 0 0 0 0 0 0 0 0 0 0 0 0 0 0 0 0 0 0 0 0 0 0 0 1 1982.9861 
sw085a001_1851 22 1.2200882 0.0384488 0.0318904 0.0347702 0.0365684 0.0399263 0.0468842 0.0436092 0.0409086 0.0413473 0.0391473 0.037646 0.0383591 0.0373285 0.0373083 0.0387988 0.0441623 0.060934 0.0808606 0.1140855 0.1333987 0.2037057 0 0 0 0 0 0 0 2 1983.1866 
sw085a001_1851 5 0.9981667 0.3254667 0.31525 0.186525 0.170925 0 0 0 0 0 0 0 0 0 0 0 0 0 0 0 0 0 0 0 0 0 0 0 0 1 1988.019 
sw085a001_1851 5 1.0166084 0.3371378 0.3220706 0.1895583 0.1678417 0 0 0 0 0 0 0 0 0 0 0 0 0 0 0 0 0 0 0 0 0 0 0 0 1 1993.7963 
sw085a001_1851 20 1.1436928 0.0372797 0.0364211 0.0365378 0.0387255 0.0423794 0.0489587 0.0420377 0.0418628 0.0409754 0.0395169 0.0386629 0.0316959 0.0450132 0.0392044 0.0420002 0.0527337 0.0796342 0.2184309 0.1916224 0 0 0 0 0 0 0 0 0 2 1993.9804 
sw085a001_1851 5 1.0250167 0.3329583 0.3124584 0.2106 0.169 0 0 0 0 0 0 0 0 0 0 0 0 0 0 0 0 0 0 0 0 0 0 0 0 1 1998.2662 
sw085a001_1851 5 1.0894333 0.3478166 0.3485 0.214325 0.1787917 0 0 0 0 0 0 0 0 0 0 0 0 0 0 0 0 0 0 0 0 0 0 0 0 1 2003.1626 
sw085a001_1851 5 1.0808167 0.3495583 0.337825 0.2146917 0.1787417 0 0 0 0 0 0 0 0 0 0 0 0 0 0 0 0 0 0 0 0 0 0 0 0 1 2007.7043 
