sw085a002_10006 5 1.2178739 0.4453483 0.4422947 0.1485578 0.1816731 0 0 0 0 0 0 0 0 0 0 0 0 0 0 0 0 0 0 0 0 0 0 0 0 2 10015.6243 
sw085a002_10006 5 1.2738917 0.4423167 0.4234916 0.1979834 0.2101 0 0 0 0 0 0 0 0 0 0 0 0 0 0 0 0 0 0 0 0 0 0 0 0 1 10015.7784 
sw085a002_10006 5 1.2885333 0.4414083 0.4284 0.2099333 0.2087917 0 0 0 0 0 0 0 0 0 0 0 0 0 0 0 0 0 0 0 0 0 0 0 0 1 10020.4345 
sw085a002_10006 5 1.141576 0.4267414 0.4038856 0.1405381 0.1704109 0 0 0 0 0 0 0 0 0 0 0 0 0 0 0 0 0 0 0 0 0 0 0 0 2 10020.7518 
sw085a002_10006 5 1.32125 0.45655 0.4450834 0.214925 0.2046916 0 0 0 0 0 0 0 0 0 0 0 0 0 0 0 0 0 0 0 0 0 0 0 0 1 10024.8993 
sw085a002_10006 5 1.167398 0.4348349 0.4038751 0.1530872 0.1756008 0 0 0 0 0 0 0 0 0 0 0 0 0 0 0 0 0 0 0 0 0 0 0 0 2 10026.3317 
sw085a002_10006 5 1.1756417 0.4392917 0.4040833 0.1535 0.1787667 0 0 0 0 0 0 0 0 0 0 0 0 0 0 0 0 0 0 0 0 0 0 0 0 2 10031.7223 
sw085a002_10006 5 1.301675 0.4379584 0.4484166 0.2119584 0.2033416 0 0 0 0 0 0 0 0 0 0 0 0 0 0 0 0 0 0 0 0 0 0 0 0 1 10042.2626 
sw085a002_10006 5 1.2381476 0.4702459 0.4234888 0.1717141 0.1726988 0 0 0 0 0 0 0 0 0 0 0 0 0 0 0 0 0 0 0 0 0 0 0 0 2 10042.4988 
sw085a002_10006 5 1.335725 0.4625333 0.439075 0.216875 0.2172417 0 0 0 0 0 0 0 0 0 0 0 0 0 0 0 0 0 0 0 0 0 0 0 0 1 10047.2119 
sw085a002_10006 5 1.3247002 0.4678596 0.4441687 0.20265 0.2100219 0 0 0 0 0 0 0 0 0 0 0 0 0 0 0 0 0 0 0 0 0 0 0 0 1 10051.9856 
sw085a002_10006 5 0.6566143 0.0438467 0.2442159 0.1854925 0.1830592 0 0 0 0 0 0 0 0 0 0 0 0 0 0 0 0 0 0 0 0 0 0 0 0 2 10052.1892 
sw085a002_10006 5 0.6404553 0.0444715 0.2322097 0.1857799 0.1779942 0 0 0 0 0 0 0 0 0 0 0 0 0 0 0 0 0 0 0 0 0 0 0 0 2 10057.7286 
sw085a002_10006 5 0.6449959 0.0446763 0.2314669 0.1895204 0.1793323 0 0 0 0 0 0 0 0 0 0 0 0 0 0 0 0 0 0 0 0 0 0 0 0 2 10062.3832 
sw085a002_10006 5 1.2874395 0.4470956 0.4153517 0.2146303 0.2103619 0 0 0 0 0 0 0 0 0 0 0 0 0 0 0 0 0 0 0 0 0 0 0 0 1 10062.8867 
sw085a002_10006 5 1.294625 0.4467417 0.4347 0.2106583 0.202525 0 0 0 0 0 0 0 0 0 0 0 0 0 0 0 0 0 0 0 0 0 0 0 0 1 10067.2369 
sw085a002_10006 5 1.33655 0.4586417 0.4530333 0.2039833 0.2208917 0 0 0 0 0 0 0 0 0 0 0 0 0 0 0 0 0 0 0 0 0 0 0 0 1 10071.9573 
sw085a002_10006 5 1.2991667 0.45705 0.4269834 0.2062916 0.2088417 0 0 0 0 0 0 0 0 0 0 0 0 0 0 0 0 0 0 0 0 0 0 0 0 1 10076.6545 
