sw085a001_1109 5 1.3429176 0.4797609 0.4578058 0.2173166 0.1880343 0 0 0 0 0 0 0 0 0 0 0 0 0 0 0 0 0 0 0 0 0 0 0 0 4 1120.2649 
sw085a001_1109 5 1.3025333 0.4687917 0.449575 0.2115166 0.17265 0 0 0 0 0 0 0 0 0 0 0 0 0 0 0 0 0 0 0 0 0 0 0 0 4 1125.2438 
sw085a001_1109 5 1.2355804 0.455 0.4320417 0.1826833 0.1658554 0 0 0 0 0 0 0 0 0 0 0 0 0 0 0 0 0 0 0 0 0 0 0 0 4 1130.1124 
sw085a001_1109 5 1.155175 0.4147333 0.3914666 0.1833917 0.1655834 0 0 0 0 0 0 0 0 0 0 0 0 0 0 0 0 0 0 0 0 0 0 0 0 4 1134.2186 
sw085a001_1109 5 0.990975 0.3511794 0.3137789 0.1852583 0.1407584 0 0 0 0 0 0 0 0 0 0 0 0 0 0 0 0 0 0 0 0 0 0 0 0 4 1138.1064 
sw085a001_1109 5 0.8135655 0.2953166 0.2406282 0.1442083 0.1334124 0 0 0 0 0 0 0 0 0 0 0 0 0 0 0 0 0 0 0 0 0 0 0 0 4 1140.5272 
sw085a001_1109 5 1.152114 0.4282516 0.4079382 0.1576 0.1583242 0 0 0 0 0 0 0 0 0 0 0 0 0 0 0 0 0 0 0 0 0 0 0 0 3 1141.4146 
sw085a001_1109 5 0.6985833 0.243975 0.20095 0.134975 0.1186833 0 0 0 0 0 0 0 0 0 0 0 0 0 0 0 0 0 0 0 0 0 0 0 0 4 1142.5609 
sw085a001_1109 5 0.6914795 0.2527823 0.2005319 0.1327204 0.1054449 0 0 0 0 0 0 0 0 0 0 0 0 0 0 0 0 0 0 0 0 0 0 0 0 4 1144.3509 
sw085a001_1109 5 1.057796 0.3831301 0.3608263 0.1539075 0.1599321 0 0 0 0 0 0 0 0 0 0 0 0 0 0 0 0 0 0 0 0 0 0 0 0 3 1144.369 
sw085a001_1109 6 0.7819003 0.2515504 0.1858821 0.1311553 0.09486 0.1184525 0 0 0 0 0 0 0 0 0 0 0 0 0 0 0 0 0 0 0 0 0 0 0 4 1150.0763 
sw085a001_1109 5 0.6500649 0.2213808 0.2083569 0.1052065 0.1151207 0 0 0 0 0 0 0 0 0 0 0 0 0 0 0 0 0 0 0 0 0 0 0 0 4 1152.2521 
sw085a001_1109 5 0.9990136 0.3491957 0.3421129 0.1467644 0.1609406 0 0 0 0 0 0 0 0 0 0 0 0 0 0 0 0 0 0 0 0 0 0 0 0 3 1152.553 
sw085a001_1109 5 0.6824917 0.2334084 0.22425 0.11585 0.1089833 0 0 0 0 0 0 0 0 0 0 0 0 0 0 0 0 0 0 0 0 0 0 0 0 4 1156.8703 
sw085a001_1109 5 1.2951268 0.447429 0.453955 0.2141858 0.179557 0 0 0 0 0 0 0 0 0 0 0 0 0 0 0 0 0 0 0 0 0 0 0 0 3 1158.5927 
sw085a001_1109 5 0.6651584 0.2253667 0.2004583 0.1277834 0.11155 0 0 0 0 0 0 0 0 0 0 0 0 0 0 0 0 0 0 0 0 0 0 0 0 4 1159.4028 
sw085a001_1109 5 0.6518334 0.2194334 0.1839 0.1345333 0.1139667 0 0 0 0 0 0 0 0 0 0 0 0 0 0 0 0 0 0 0 0 0 0 0 0 4 1162.0755 
sw085a001_1109 5 1.2366002 0.4493182 0.4087135 0.1867419 0.1918266 0 0 0 0 0 0 0 0 0 0 0 0 0 0 0 0 0 0 0 0 0 0 0 0 3 1162.241 
sw085a001_1109 5 1.1606992 0.4007839 0.3712981 0.2029319 0.1856853 0 0 0 0 0 0 0 0 0 0 0 0 0 0 0 0 0 0 0 0 0 0 0 0 3 1165.2129 
sw085a001_1109 5 0.7739798 0.2495333 0.267331 0.133509 0.1236065 0 0 0 0 0 0 0 0 0 0 0 0 0 0 0 0 0 0 0 0 0 0 0 0 4 1165.3769 
sw085a001_1109 5 1.1951722 0.4218399 0.3938271 0.1995678 0.1799374 0 0 0 0 0 0 0 0 0 0 0 0 0 0 0 0 0 0 0 0 0 0 0 0 3 1168.3836 
sw085a001_1109 5 0.7196309 0.2325378 0.2256132 0.1343027 0.1271772 0 0 0 0 0 0 0 0 0 0 0 0 0 0 0 0 0 0 0 0 0 0 0 0 4 1168.4981 
sw085a001_1109 5 1.0930672 0.3715383 0.3310401 0.1941591 0.1963297 0 0 0 0 0 0 0 0 0 0 0 0 0 0 0 0 0 0 0 0 0 0 0 0 3 1171.1727 
sw085a001_1109 5 0.7668966 0.2667994 0.2336354 0.1444995 0.1219623 0 0 0 0 0 0 0 0 0 0 0 0 0 0 0 0 0 0 0 0 0 0 0 0 4 1171.6208 
sw085a001_1109 5 1.1202981 0.3857975 0.3422962 0.2163567 0.1758477 0 0 0 0 0 0 0 0 0 0 0 0 0 0 0 0 0 0 0 0 0 0 0 0 3 1174.4726 
sw085a001_1109 5 0.7448267 0.2615285 0.2079303 0.144693 0.1306749 0 0 0 0 0 0 0 0 0 0 0 0 0 0 0 0 0 0 0 0 0 0 0 0 4 1174.5713 
sw085a001_1109 5 0.8427962 0.2932561 0.2640577 0.1573636 0.1281188 0 0 0 0 0 0 0 0 0 0 0 0 0 0 0 0 0 0 0 0 0 0 0 0 4 1177.9515 
sw085a001_1109 5 1.1059568 0.3902137 0.3708251 0.1668201 0.1780979 0 0 0 0 0 0 0 0 0 0 0 0 0 0 0 0 0 0 0 0 0 0 0 0 3 1178.1237 
sw085a001_1109 5 1.1495046 0.3973132 0.3860532 0.178627 0.1875112 0 0 0 0 0 0 0 0 0 0 0 0 0 0 0 0 0 0 0 0 0 0 0 0 3 1181.2499 
sw085a001_1109 5 0.8828128 0.3209451 0.2836188 0.148345 0.1299039 0 0 0 0 0 0 0 0 0 0 0 0 0 0 0 0 0 0 0 0 0 0 0 0 4 1182.0196 
sw085a001_1109 5 1.1315699 0.3983516 0.3811621 0.1743174 0.1777388 0 0 0 0 0 0 0 0 0 0 0 0 0 0 0 0 0 0 0 0 0 0 0 0 3 1184.6949 
sw085a001_1109 5 0.841865 0.2802065 0.2735564 0.1573616 0.1307405 0 0 0 0 0 0 0 0 0 0 0 0 0 0 0 0 0 0 0 0 0 0 0 0 4 1185.1192 
sw085a001_1109 5 1.153951 0.4018283 0.3888647 0.1933358 0.1699222 0 0 0 0 0 0 0 0 0 0 0 0 0 0 0 0 0 0 0 0 0 0 0 0 3 1187.8973 
sw085a001_1109 5 0.8886206 0.3146041 0.2823437 0.1675679 0.1241049 0 0 0 0 0 0 0 0 0 0 0 0 0 0 0 0 0 0 0 0 0 0 0 0 4 1188.0525 
sw085a001_1109 5 1.1410596 0.3818033 0.4072307 0.1605637 0.1914619 0 0 0 0 0 0 0 0 0 0 0 0 0 0 0 0 0 0 0 0 0 0 0 0 3 1190.8675 
sw085a001_1109 5 0.9242164 0.3097248 0.3054568 0.1618846 0.1471502 0 0 0 0 0 0 0 0 0 0 0 0 0 0 0 0 0 0 0 0 0 0 0 0 4 1191.0922 
sw085a001_1109 5 1.1638458 0.4126521 0.3884275 0.1952696 0.1674966 0 0 0 0 0 0 0 0 0 0 0 0 0 0 0 0 0 0 0 0 0 0 0 0 3 1194.0669 
sw085a001_1109 5 0.9594173 0.3315705 0.3095596 0.1739992 0.144288 0 0 0 0 0 0 0 0 0 0 0 0 0 0 0 0 0 0 0 0 0 0 0 0 4 1194.3203 
sw085a001_1109 5 1.1761665 0.406166 0.3839162 0.1974699 0.1886144 0 0 0 0 0 0 0 0 0 0 0 0 0 0 0 0 0 0 0 0 0 0 0 0 3 1197.1311 
sw085a001_1109 5 0.97205 0.3014833 0.3255083 0.1937334 0.151325 0 0 0 0 0 0 0 0 0 0 0 0 0 0 0 0 0 0 0 0 0 0 0 0 4 1197.738 
sw085a001_1109 5 1.1355416 0.3885333 0.37235 0.1886083 0.18605 0 0 0 0 0 0 0 0 0 0 0 0 0 0 0 0 0 0 0 0 0 0 0 0 3 1200.8606 
sw085a001_1109 5 1.0973417 0.3939167 0.3461583 0.2049917 0.152275 0 0 0 0 0 0 0 0 0 0 0 0 0 0 0 0 0 0 0 0 0 0 0 0 4 1204.7909 
sw085a001_1109 5 1.1694334 0.412525 0.3923667 0.1567333 0.2078084 0 0 0 0 0 0 0 0 0 0 0 0 0 0 0 0 0 0 0 0 0 0 0 0 4 1209.0961 
sw085a001_1109 5 1.3309136 0.4700674 0.4551518 0.209318 0.1963764 0 0 0 0 0 0 0 0 0 0 0 0 0 0 0 0 0 0 0 0 0 0 0 0 3 1211.8718 
sw085a001_1109 5 1.1492323 0.4272847 0.3908876 0.17508 0.15598 0 0 0 0 0 0 0 0 0 0 0 0 0 0 0 0 0 0 0 0 0 0 0 0 4 1215.2897 
sw085a001_1109 5 1.3330289 0.4887154 0.4309011 0.208691 0.2047214 0 0 0 0 0 0 0 0 0 0 0 0 0 0 0 0 0 0 0 0 0 0 0 0 3 1215.9802 
sw085a001_1109 5 1.2740777 0.4449397 0.4242223 0.2159743 0.1889414 0 0 0 0 0 0 0 0 0 0 0 0 0 0 0 0 0 0 0 0 0 0 0 0 3 1219.1881 
sw085a001_1109 5 1.0681856 0.401773 0.344723 0.1777043 0.1439853 0 0 0 0 0 0 0 0 0 0 0 0 0 0 0 0 0 0 0 0 0 0 0 0 4 1220.0081 
sw085a001_1109 5 1.2300549 0.4328162 0.4261291 0.1967232 0.1743864 0 0 0 0 0 0 0 0 0 0 0 0 0 0 0 0 0 0 0 0 0 0 0 0 3 1222.9873 
sw085a001_1109 6 1.1895384 0.3751564 0.3099486 0.1743554 0.1221399 0.2079381 0 0 0 0 0 0 0 0 0 0 0 0 0 0 0 0 0 0 0 0 0 0 0 4 1223.6811 
sw085a001_1109 5 1.2020356 0.4058113 0.4057718 0.2024737 0.1879788 0 0 0 0 0 0 0 0 0 0 0 0 0 0 0 0 0 0 0 0 0 0 0 0 3 1226.7366 
