sw085a003_20645 5 1.2356913 0.4362559 0.4195429 0.186686 0.1932065 0 0 0 0 0 0 0 0 0 0 0 0 0 0 0 0 0 0 0 0 0 0 0 0 2 20650.5915 
sw085a003_20645 5 1.2256084 0.4273 0.4113167 0.207525 0.1794667 0 0 0 0 0 0 0 0 0 0 0 0 0 0 0 0 0 0 0 0 0 0 0 0 1 20650.866 
sw085a003_20645 5 1.24035 0.4334583 0.4258584 0.1871416 0.1938917 0 0 0 0 0 0 0 0 0 0 0 0 0 0 0 0 0 0 0 0 0 0 0 0 1 20654.8213 
sw085a003_20645 5 1.2073205 0.4420399 0.387999 0.1924666 0.184815 0 0 0 0 0 0 0 0 0 0 0 0 0 0 0 0 0 0 0 0 0 0 0 0 2 20655.138 
sw085a003_20645 5 1.2427417 0.4341417 0.417 0.1893083 0.2022917 0 0 0 0 0 0 0 0 0 0 0 0 0 0 0 0 0 0 0 0 0 0 0 0 1 20659.0211 
sw085a003_20645 5 1.1625578 0.405617 0.4167649 0.1643989 0.175777 0 0 0 0 0 0 0 0 0 0 0 0 0 0 0 0 0 0 0 0 0 0 0 0 2 20659.5377 
sw085a003_20645 5 1.2671333 0.4333167 0.4121666 0.218075 0.203575 0 0 0 0 0 0 0 0 0 0 0 0 0 0 0 0 0 0 0 0 0 0 0 0 1 20663.4045 
sw085a003_20645 5 1.1464805 0.4154791 0.3950626 0.168024 0.1679148 0 0 0 0 0 0 0 0 0 0 0 0 0 0 0 0 0 0 0 0 0 0 0 0 2 20664.1143 
sw085a003_20645 5 1.2538833 0.4240833 0.4186584 0.212225 0.1989166 0 0 0 0 0 0 0 0 0 0 0 0 0 0 0 0 0 0 0 0 0 0 0 0 1 20667.9942 
sw085a003_20645 5 1.219326 0.4353565 0.4269815 0.1753452 0.1816428 0 0 0 0 0 0 0 0 0 0 0 0 0 0 0 0 0 0 0 0 0 0 0 0 2 20674.5768 
sw085a003_20645 5 1.254825 0.4223583 0.4318334 0.2061333 0.1945 0 0 0 0 0 0 0 0 0 0 0 0 0 0 0 0 0 0 0 0 0 0 0 0 1 20675.3737 
sw085a003_20645 5 1.2556883 0.4264022 0.4314801 0.2051297 0.1926763 0 0 0 0 0 0 0 0 0 0 0 0 0 0 0 0 0 0 0 0 0 0 0 0 1 20679.069 
sw085a003_20645 5 1.1659935 0.42931 0.4262844 0.1409394 0.1694597 0 0 0 0 0 0 0 0 0 0 0 0 0 0 0 0 0 0 0 0 0 0 0 0 2 20679.3282 
sw085a003_20645 5 1.2605083 0.4293166 0.4210167 0.207875 0.2023 0 0 0 0 0 0 0 0 0 0 0 0 0 0 0 0 0 0 0 0 0 0 0 0 1 20683.1446 
sw085a003_20645 5 1.156217 0.4392325 0.3891659 0.1512063 0.1766123 0 0 0 0 0 0 0 0 0 0 0 0 0 0 0 0 0 0 0 0 0 0 0 0 2 20684.0981 
sw085a003_20645 5 1.269425 0.4305583 0.4319833 0.19965 0.2072334 0 0 0 0 0 0 0 0 0 0 0 0 0 0 0 0 0 0 0 0 0 0 0 0 1 20688.0043 
sw085a003_20645 5 1.1757468 0.4261065 0.4295078 0.1546809 0.1654516 0 0 0 0 0 0 0 0 0 0 0 0 0 0 0 0 0 0 0 0 0 0 0 0 2 20688.3877 
sw085a003_20645 5 1.2473417 0.4240167 0.4303417 0.1965166 0.1964667 0 0 0 0 0 0 0 0 0 0 0 0 0 0 0 0 0 0 0 0 0 0 0 0 1 20692.2822 
sw085a003_20645 5 1.2128291 0.4479656 0.4143928 0.1580001 0.1924706 0 0 0 0 0 0 0 0 0 0 0 0 0 0 0 0 0 0 0 0 0 0 0 0 2 20692.4017 
sw085a003_20645 5 1.2642084 0.4368917 0.4155333 0.2152917 0.1964917 0 0 0 0 0 0 0 0 0 0 0 0 0 0 0 0 0 0 0 0 0 0 0 0 1 20696.049 
sw085a003_20645 5 1.211598 0.4588669 0.4169976 0.1619731 0.1737604 0 0 0 0 0 0 0 0 0 0 0 0 0 0 0 0 0 0 0 0 0 0 0 0 2 20696.4463 
sw085a003_20645 5 1.2613 0.4316167 0.41155 0.2159583 0.202175 0 0 0 0 0 0 0 0 0 0 0 0 0 0 0 0 0 0 0 0 0 0 0 0 1 20700.0391 
sw085a003_20645 5 1.2592612 0.4470419 0.4244026 0.1879584 0.1998583 0 0 0 0 0 0 0 0 0 0 0 0 0 0 0 0 0 0 0 0 0 0 0 0 3 20708.3024 
sw085a003_20645 4 0.8422 0.4453583 0.2066333 0.1902084 0 0 0 0 0 0 0 0 0 0 0 0 0 0 0 0 0 0 0 0 0 0 0 0 0 3 20716.5141 
sw085a003_20645 5 1.2597417 0.4409917 0.4267583 0.188325 0.2036667 0 0 0 0 0 0 0 0 0 0 0 0 0 0 0 0 0 0 0 0 0 0 0 0 3 20719.8242 
sw085a003_20645 5 1.260125 0.42725 0.427475 0.1919834 0.2134166 0 0 0 0 0 0 0 0 0 0 0 0 0 0 0 0 0 0 0 0 0 0 0 0 3 20724.6554 
