sw085a003_21827 5 1.2652425 0.4676607 0.4334836 0.2013772 0.162721 0 0 0 0 0 0 0 0 0 0 0 0 0 0 0 0 0 0 0 0 0 0 0 0 2 21835.516 
sw085a003_21827 5 1.3244916 0.4608666 0.4455834 0.2071583 0.2108833 0 0 0 0 0 0 0 0 0 0 0 0 0 0 0 0 0 0 0 0 0 0 0 0 1 21835.6309 
sw085a003_21827 5 1.3375834 0.4488584 0.4500333 0.2122 0.2264917 0 0 0 0 0 0 0 0 0 0 0 0 0 0 0 0 0 0 0 0 0 0 0 0 1 21839.9346 
sw085a003_21827 5 1.3138 0.4450583 0.4401917 0.225175 0.203375 0 0 0 0 0 0 0 0 0 0 0 0 0 0 0 0 0 0 0 0 0 0 0 0 1 21843.6758 
sw085a003_21827 5 1.1844871 0.4401947 0.3849683 0.1837887 0.1755354 0 0 0 0 0 0 0 0 0 0 0 0 0 0 0 0 0 0 0 0 0 0 0 0 2 21844.1208 
sw085a003_21827 5 1.2774 0.44935 0.4114 0.2089666 0.2076834 0 0 0 0 0 0 0 0 0 0 0 0 0 0 0 0 0 0 0 0 0 0 0 0 1 21847.9878 
sw085a003_21827 5 1.173585 0.4292378 0.3984366 0.1588422 0.1870684 0 0 0 0 0 0 0 0 0 0 0 0 0 0 0 0 0 0 0 0 0 0 0 0 2 21848.4109 
sw085a003_21827 5 1.320675 0.4612333 0.4281667 0.2178583 0.2134167 0 0 0 0 0 0 0 0 0 0 0 0 0 0 0 0 0 0 0 0 0 0 0 0 1 21852.6157 
sw085a003_21827 5 1.1488058 0.4129182 0.4087929 0.1821073 0.1449874 0 0 0 0 0 0 0 0 0 0 0 0 0 0 0 0 0 0 0 0 0 0 0 0 2 21853.4171 
sw085a003_21827 5 1.3732333 0.4840833 0.4476167 0.2201917 0.2213416 0 0 0 0 0 0 0 0 0 0 0 0 0 0 0 0 0 0 0 0 0 0 0 0 2 21863.2413 
sw085a003_21827 5 1.2988607 0.46787 0.4134158 0.2161533 0.2014216 0 0 0 0 0 0 0 0 0 0 0 0 0 0 0 0 0 0 0 0 0 0 0 0 2 21868.7336 
sw085a003_21827 5 1.2428758 0.4308092 0.437806 0.1864501 0.1878105 0 0 0 0 0 0 0 0 0 0 0 0 0 0 0 0 0 0 0 0 0 0 0 0 1 21870.844 
sw085a003_21827 5 1.305018 0.461454 0.4364279 0.2016049 0.2055312 0 0 0 0 0 0 0 0 0 0 0 0 0 0 0 0 0 0 0 0 0 0 0 0 2 21875.1264 
sw085a003_21827 5 1.3107873 0.4497426 0.4390438 0.2029043 0.2190966 0 0 0 0 0 0 0 0 0 0 0 0 0 0 0 0 0 0 0 0 0 0 0 0 2 21879.6936 
sw085a003_21827 5 1.2852657 0.4606565 0.4187771 0.2019818 0.2038503 0 0 0 0 0 0 0 0 0 0 0 0 0 0 0 0 0 0 0 0 0 0 0 0 2 21883.972 
sw085a003_21827 5 1.2376333 0.440525 0.425575 0.1952584 0.1762749 0 0 0 0 0 0 0 0 0 0 0 0 0 0 0 0 0 0 0 0 0 0 0 0 1 21884.1089 
sw085a003_21827 5 1.3018197 0.4658049 0.4312059 0.2039704 0.2008385 0 0 0 0 0 0 0 0 0 0 0 0 0 0 0 0 0 0 0 0 0 0 0 0 2 21887.9789 
sw085a003_21827 5 1.2293417 0.4444667 0.416375 0.1917833 0.1767167 0 0 0 0 0 0 0 0 0 0 0 0 0 0 0 0 0 0 0 0 0 0 0 0 1 21889.0993 
sw085a003_21827 5 1.3310701 0.4555175 0.4431687 0.2173982 0.2149857 0 0 0 0 0 0 0 0 0 0 0 0 0 0 0 0 0 0 0 0 0 0 0 0 2 21892.6914 
sw085a003_21827 5 1.3654644 0.455436 0.4580103 0.2343804 0.2176377 0 0 0 0 0 0 0 0 0 0 0 0 0 0 0 0 0 0 0 0 0 0 0 0 2 21897.4175 
