sw085a002_10097 5 1.2435164 0.456963 0.4274763 0.170909 0.1881681 0 0 0 0 0 0 0 0 0 0 0 0 0 0 0 0 0 0 0 0 0 0 0 0 2 10109.5934 
sw085a002_10097 5 1.215575 0.4387083 0.42105 0.1685667 0.18725 0 0 0 0 0 0 0 0 0 0 0 0 0 0 0 0 0 0 0 0 0 0 0 0 1 10110.3425 
sw085a002_10097 5 1.2397833 0.4571583 0.4205667 0.1727167 0.1893416 0 0 0 0 0 0 0 0 0 0 0 0 0 0 0 0 0 0 0 0 0 0 0 0 2 10114.4108 
sw085a002_10097 5 1.1951583 0.4391583 0.4099167 0.1648667 0.1812166 0 0 0 0 0 0 0 0 0 0 0 0 0 0 0 0 0 0 0 0 0 0 0 0 2 10118.9682 
sw085a002_10097 7 1.4242583 0.4468417 0.3912833 0.1346083 0.113141 0.144009 0.194375 0 0 0 0 0 0 0 0 0 0 0 0 0 0 0 0 0 0 0 0 0 0 1 10123.6949 
sw085a002_10097 5 1.152478 0.4065934 0.3800435 0.1888592 0.1769819 0 0 0 0 0 0 0 0 0 0 0 0 0 0 0 0 0 0 0 0 0 0 0 0 2 10123.9862 
sw085a002_10097 5 1.157359 0.4061076 0.4019165 0.1684406 0.1808943 0 0 0 0 0 0 0 0 0 0 0 0 0 0 0 0 0 0 0 0 0 0 0 0 2 10128.7458 
sw085a002_10097 8 1.4060167 0.4373834 0.3291083 0.0989 0.1037917 0.12745 0.13405 0.1753333 0 0 0 0 0 0 0 0 0 0 0 0 0 0 0 0 0 0 0 0 0 1 10128.8915 
sw085a002_10097 5 1.1657275 0.401045 0.3933875 0.1970397 0.1742553 0 0 0 0 0 0 0 0 0 0 0 0 0 0 0 0 0 0 0 0 0 0 0 0 2 10133.7291 
sw085a002_10097 7 1.4148167 0.419975 0.4006667 0.1425 0.1252583 0.1484167 0.178 0 0 0 0 0 0 0 0 0 0 0 0 0 0 0 0 0 0 0 0 0 0 1 10134.3635 
sw085a002_10097 5 1.1712666 0.402525 0.3900416 0.189475 0.189225 0 0 0 0 0 0 0 0 0 0 0 0 0 0 0 0 0 0 0 0 0 0 0 0 2 10139.5992 
