sw090a004_29065 16 1.5433786 0.2224702 0.15265 0.0835 0.0898245 0.0873219 0.0855641 0.0781562 0.076675 0.073975 0.0784417 0.0819916 0.0898584 0.0965725 0.1107284 0.1356491 0 0 0 0 0 0 0 0 0 0 0 0 0 2 29079.0749 
sw090a004_29065 8 0.6288833 0.0507917 0.1720166 0.0600667 0.0635167 0.0700416 0.0920917 0.1203583 0 0 0 0 0 0 0 0 0 0 0 0 0 0 0 0 0 0 0 0 0 3 29081.3684 
sw090a004_29065 15 1.2635146 0.1553136 0.0763122 0.0802521 0.0831098 0.0839834 0.0783278 0.0755205 0.087757 0.0817817 0.0849757 0.0757949 0.083584 0.0952841 0.1215178 0 0 0 0 0 0 0 0 0 0 0 0 0 0 2 29084.402 
sw090a004_29065 8 0.5627666 0.0535416 0.1390917 0.0664167 0.0597333 0.0623667 0.0807416 0.100875 0 0 0 0 0 0 0 0 0 0 0 0 0 0 0 0 0 0 0 0 0 3 29085.0303 
sw090a004_29065 15 1.2560219 0.14601 0.0845124 0.0768616 0.0776418 0.0823905 0.0803243 0.0793406 0.0768738 0.0774309 0.0800554 0.0794602 0.0881559 0.0983142 0.1286503 0 0 0 0 0 0 0 0 0 0 0 0 0 0 2 29086.7306 
sw090a004_29065 9 0.619225 0.0676385 0.1146115 0.0596417 0.048475 0.056975 0.0631833 0.0773333 0.1313667 0 0 0 0 0 0 0 0 0 0 0 0 0 0 0 0 0 0 0 0 3 29087.6039 
sw090a004_29065 12 0.6437916 0.0523 0.0679 0.0580833 0.04945 0.0467083 0.044975 0.0482584 0.053375 0.0609666 0.067175 0.0946 0 0 0 0 0 0 0 0 0 0 0 0 0 0 0 0 0 2 29089.1318 
sw090a004_29065 5 1.0279305 0.3460139 0.3381309 0.1850355 0.1587502 0 0 0 0 0 0 0 0 0 0 0 0 0 0 0 0 0 0 0 0 0 0 0 0 3 29092.5704 
sw090a004_29065 20 1.1082532 0.038475 0.0417583 0.0461167 0.045475 0.0440083 0.0419667 0.0417166 0.0412084 0.0410083 0.0414083 0.0409834 0.0460166 0.0375532 0.0431417 0.0505167 0.0587416 0.067225 0.104875 0.2360584 0 0 0 0 0 0 0 0 0 2 29092.6077 
sw090a004_29065 5 0.9735204 0.3284299 0.3111179 0.184223 0.1497496 0 0 0 0 0 0 0 0 0 0 0 0 0 0 0 0 0 0 0 0 0 0 0 0 3 29095.785 
sw090a004_29065 19 1.1162 0.0383167 0.0424667 0.0493272 0.0450894 0.0415667 0.04155 0.0392083 0.0392167 0.0389083 0.03845 0.0383834 0.0399583 0.04645 0.0535 0.0653917 0.0889916 0.1499834 0.2194416 0 0 0 0 0 0 0 0 0 0 2 29095.9833 
sw090a004_29065 5 0.9943674 0.3210987 0.3268195 0.1937443 0.1527049 0 0 0 0 0 0 0 0 0 0 0 0 0 0 0 0 0 0 0 0 0 0 0 0 2 29098.8851 
sw090a004_29065 5 0.9768417 0.32235 0.3048833 0.182725 0.1668834 0 0 0 0 0 0 0 0 0 0 0 0 0 0 0 0 0 0 0 0 0 0 0 0 1 29100.0856 
sw090a004_29065 5 1.0156916 0.3136333 0.3335 0.1850917 0.1834666 0 0 0 0 0 0 0 0 0 0 0 0 0 0 0 0 0 0 0 0 0 0 0 0 1 29104.9366 
sw090a004_29065 5 0.97785 0.3047917 0.328375 0.1842333 0.16045 0 0 0 0 0 0 0 0 0 0 0 0 0 0 0 0 0 0 0 0 0 0 0 0 1 29109.8829 
sw090a004_29065 5 0.567214 0.1681937 0.1443861 0.1201423 0.1344919 0 0 0 0 0 0 0 0 0 0 0 0 0 0 0 0 0 0 0 0 0 0 0 0 2 29110.1645 
sw090a004_29065 5 0.9016 0.3019833 0.2655334 0.168575 0.1655083 0 0 0 0 0 0 0 0 0 0 0 0 0 0 0 0 0 0 0 0 0 0 0 0 1 29113.4783 
sw090a004_29065 5 0.5238402 0.1191371 0.1372588 0.1317106 0.1357337 0 0 0 0 0 0 0 0 0 0 0 0 0 0 0 0 0 0 0 0 0 0 0 0 2 29114.0277 
sw090a004_29065 5 0.5196333 0.1280917 0.1240333 0.1208337 0.1466746 0 0 0 0 0 0 0 0 0 0 0 0 0 0 0 0 0 0 0 0 0 0 0 0 3 29118.0806 
sw090a004_29065 5 0.54569 0.1353832 0.1502176 0.1228319 0.1372573 0 0 0 0 0 0 0 0 0 0 0 0 0 0 0 0 0 0 0 0 0 0 0 0 2 29118.173 
sw090a004_29065 5 0.5732333 0.14535 0.1507333 0.123675 0.153475 0 0 0 0 0 0 0 0 0 0 0 0 0 0 0 0 0 0 0 0 0 0 0 0 2 29121.5821 
sw090a004_29065 5 1.1459917 0.40105 0.3934417 0.1577333 0.1937667 0 0 0 0 0 0 0 0 0 0 0 0 0 0 0 0 0 0 0 0 0 0 0 0 1 29125.3942 
sw090a004_29065 5 1.1458286 0.3720648 0.4047932 0.1825173 0.1864533 0 0 0 0 0 0 0 0 0 0 0 0 0 0 0 0 0 0 0 0 0 0 0 0 2 29129.432 
sw090a004_29065 5 1.113975 0.4048 0.3917334 0.160025 0.1574166 0 0 0 0 0 0 0 0 0 0 0 0 0 0 0 0 0 0 0 0 0 0 0 0 1 29129.8041 
sw090a004_29065 5 1.1639955 0.3710175 0.4101065 0.2032342 0.1796373 0 0 0 0 0 0 0 0 0 0 0 0 0 0 0 0 0 0 0 0 0 0 0 0 2 29133.5103 
sw090a004_29065 5 1.1286583 0.4101083 0.40055 0.1519417 0.1660583 0 0 0 0 0 0 0 0 0 0 0 0 0 0 0 0 0 0 0 0 0 0 0 0 1 29133.8813 
sw090a004_29065 5 1.1978347 0.4179555 0.3888245 0.1843868 0.2066679 0 0 0 0 0 0 0 0 0 0 0 0 0 0 0 0 0 0 0 0 0 0 0 0 2 29137.5624 
sw090a004_29065 5 1.1107 0.383375 0.4107084 0.1606416 0.155975 0 0 0 0 0 0 0 0 0 0 0 0 0 0 0 0 0 0 0 0 0 0 0 0 1 29138.2021 
sw090a004_29065 5 1.1933351 0.4103245 0.3986024 0.1974136 0.1869946 0 0 0 0 0 0 0 0 0 0 0 0 0 0 0 0 0 0 0 0 0 0 0 0 2 29141.7927 
sw090a004_29065 5 1.1361 0.4485667 0.3655917 0.1529083 0.1690333 0 0 0 0 0 0 0 0 0 0 0 0 0 0 0 0 0 0 0 0 0 0 0 0 1 29142.5039 
sw090a004_29065 4 1.021625 0.437575 0.4038 0.18025 0 0 0 0 0 0 0 0 0 0 0 0 0 0 0 0 0 0 0 0 0 0 0 0 0 1 29146.9392 
sw090a004_29065 5 1.2857521 0.4456933 0.42896 0.2101167 0.2009821 0 0 0 0 0 0 0 0 0 0 0 0 0 0 0 0 0 0 0 0 0 0 0 0 1 29156.5241 
sw090a004_29065 5 1.1748852 0.4116858 0.4124458 0.1668682 0.1838854 0 0 0 0 0 0 0 0 0 0 0 0 0 0 0 0 0 0 0 0 0 0 0 0 2 29157.9528 
sw090a004_29065 5 1.3125418 0.4486405 0.4426215 0.2169893 0.2042857 0 0 0 0 0 0 0 0 0 0 0 0 0 0 0 0 0 0 0 0 0 0 0 0 1 29161.6159 
sw090a004_29065 5 1.1740385 0.4140619 0.3972951 0.1895499 0.1731316 0 0 0 0 0 0 0 0 0 0 0 0 0 0 0 0 0 0 0 0 0 0 0 0 2 29162.613 
sw090a004_29065 5 1.3472923 0.4663886 0.4441136 0.2190151 0.217775 0 0 0 0 0 0 0 0 0 0 0 0 0 0 0 0 0 0 0 0 0 0 0 0 1 29166.0592 
sw090a004_29065 5 1.1643931 0.4085991 0.4036718 0.1729975 0.1791247 0 0 0 0 0 0 0 0 0 0 0 0 0 0 0 0 0 0 0 0 0 0 0 0 2 29167.066 
sw090a004_29065 5 1.337425 0.4739583 0.441725 0.221175 0.2005667 0 0 0 0 0 0 0 0 0 0 0 0 0 0 0 0 0 0 0 0 0 0 0 0 1 29170.5039 
sw090a004_29065 5 1.1694754 0.413997 0.3950896 0.1765653 0.1838235 0 0 0 0 0 0 0 0 0 0 0 0 0 0 0 0 0 0 0 0 0 0 0 0 2 29171.7806 
sw090a004_29065 5 1.2884917 0.4455667 0.420725 0.211 0.2112 0 0 0 0 0 0 0 0 0 0 0 0 0 0 0 0 0 0 0 0 0 0 0 0 1 29175.0356 
sw090a004_29065 5 1.1730752 0.4255628 0.4010401 0.1825232 0.1639491 0 0 0 0 0 0 0 0 0 0 0 0 0 0 0 0 0 0 0 0 0 0 0 0 2 29175.6873 
sw090a004_29065 5 1.3087139 0.4230884 0.445925 0.2260697 0.2136308 0 0 0 0 0 0 0 0 0 0 0 0 0 0 0 0 0 0 0 0 0 0 0 0 1 29179.1963 
sw090a004_29065 5 1.1562098 0.4062453 0.3988317 0.1781566 0.1729762 0 0 0 0 0 0 0 0 0 0 0 0 0 0 0 0 0 0 0 0 0 0 0 0 2 29179.8375 
sw090a004_29065 5 1.1573238 0.408268 0.3911166 0.180311 0.1776282 0 0 0 0 0 0 0 0 0 0 0 0 0 0 0 0 0 0 0 0 0 0 0 0 2 29183.7499 
