sw090a001_1102 5 1.2013667 0.4211 0.4147417 0.1784833 0.1870417 0 0 0 0 0 0 0 0 0 0 0 0 0 0 0 0 0 0 0 0 0 0 0 0 1 1105.427 
sw090a001_1102 5 1.2818 0.4431 0.4051334 0.223475 0.2100916 0 0 0 0 0 0 0 0 0 0 0 0 0 0 0 0 0 0 0 0 0 0 0 0 2 1109.6497 
sw090a001_1102 5 1.17455 0.3983333 0.4186917 0.1774583 0.1800667 0 0 0 0 0 0 0 0 0 0 0 0 0 0 0 0 0 0 0 0 0 0 0 0 1 1110.6024 
sw090a001_1102 5 1.319935 0.436572 0.4278896 0.2165581 0.2389153 0 0 0 0 0 0 0 0 0 0 0 0 0 0 0 0 0 0 0 0 0 0 0 0 2 1115.2237 
sw090a001_1102 5 1.1771417 0.3718417 0.441925 0.1920833 0.1712917 0 0 0 0 0 0 0 0 0 0 0 0 0 0 0 0 0 0 0 0 0 0 0 0 1 1116.1333 
sw090a001_1102 5 1.271325 0.4374084 0.4078833 0.216025 0.2100083 0 0 0 0 0 0 0 0 0 0 0 0 0 0 0 0 0 0 0 0 0 0 0 0 2 1120.7078 
sw090a001_1102 5 1.1958196 0.4038755 0.4265954 0.2020485 0.1633002 0 0 0 0 0 0 0 0 0 0 0 0 0 0 0 0 0 0 0 0 0 0 0 0 1 1121.31 
sw090a001_1102 5 1.2514208 0.4400462 0.4083126 0.2260758 0.1769862 0 0 0 0 0 0 0 0 0 0 0 0 0 0 0 0 0 0 0 0 0 0 0 0 1 1125.8435 
sw090a001_1102 5 1.1533654 0.4366647 0.3833824 0.176509 0.1568093 0 0 0 0 0 0 0 0 0 0 0 0 0 0 0 0 0 0 0 0 0 0 0 0 2 1126.6919 
sw090a001_1102 5 1.2876063 0.4464249 0.4308729 0.2019054 0.2084031 0 0 0 0 0 0 0 0 0 0 0 0 0 0 0 0 0 0 0 0 0 0 0 0 2 1131.4417 
sw090a001_1102 5 1.1323696 0.4004659 0.3861704 0.1807666 0.1649667 0 0 0 0 0 0 0 0 0 0 0 0 0 0 0 0 0 0 0 0 0 0 0 0 1 1131.8697 
sw090a001_1102 5 1.2960417 0.4382834 0.4283583 0.2175417 0.2118583 0 0 0 0 0 0 0 0 0 0 0 0 0 0 0 0 0 0 0 0 0 0 0 0 2 1139.2444 
sw090a001_1102 5 1.3258583 0.4506667 0.4413833 0.2194167 0.2143916 0 0 0 0 0 0 0 0 0 0 0 0 0 0 0 0 0 0 0 0 0 0 0 0 2 1145.3926 
sw090a001_1102 5 1.3255666 0.4471333 0.4486833 0.2108334 0.2189166 0 0 0 0 0 0 0 0 0 0 0 0 0 0 0 0 0 0 0 0 0 0 0 0 2 1150.0517 
sw090a001_1102 5 1.2018667 0.4167417 0.4037833 0.19775 0.1835917 0 0 0 0 0 0 0 0 0 0 0 0 0 0 0 0 0 0 0 0 0 0 0 0 1 1154.1913 
sw090a001_1102 5 1.2085834 0.4280584 0.4209 0.1769666 0.1826584 0 0 0 0 0 0 0 0 0 0 0 0 0 0 0 0 0 0 0 0 0 0 0 0 1 1162.6929 
sw090a001_1102 5 1.23505 0.4475667 0.410025 0.1886667 0.1887916 0 0 0 0 0 0 0 0 0 0 0 0 0 0 0 0 0 0 0 0 0 0 0 0 1 1167.968 
sw090a001_1102 5 1.253575 0.4405083 0.4051667 0.1973167 0.2105833 0 0 0 0 0 0 0 0 0 0 0 0 0 0 0 0 0 0 0 0 0 0 0 0 1 1172.5633 
sw090a001_1102 5 1.268075 0.44275 0.4338167 0.1928167 0.1986916 0 0 0 0 0 0 0 0 0 0 0 0 0 0 0 0 0 0 0 0 0 0 0 0 1 1176.8962 
sw090a001_1102 5 1.2701917 0.4386834 0.4321416 0.2049667 0.1944 0 0 0 0 0 0 0 0 0 0 0 0 0 0 0 0 0 0 0 0 0 0 0 0 1 1180.9755 
sw090a001_1102 5 1.2988584 0.4339167 0.4517833 0.2005 0.2126584 0 0 0 0 0 0 0 0 0 0 0 0 0 0 0 0 0 0 0 0 0 0 0 0 1 1185.5837 
sw090a001_1102 5 1.3088 0.472325 0.4164583 0.22125 0.1987667 0 0 0 0 0 0 0 0 0 0 0 0 0 0 0 0 0 0 0 0 0 0 0 0 1 1189.9905 
sw090a001_1102 5 1.308325 0.4387917 0.4334333 0.2199833 0.2161167 0 0 0 0 0 0 0 0 0 0 0 0 0 0 0 0 0 0 0 0 0 0 0 0 1 1193.7532 
sw090a001_1102 5 1.3078916 0.4441833 0.4413917 0.2213416 0.200975 0 0 0 0 0 0 0 0 0 0 0 0 0 0 0 0 0 0 0 0 0 0 0 0 1 1197.855 
sw090a001_1102 5 1.3087 0.4851083 0.4347667 0.1952584 0.1935666 0 0 0 0 0 0 0 0 0 0 0 0 0 0 0 0 0 0 0 0 0 0 0 0 1 1207.7327 
sw090a001_1102 5 1.32375 0.47215 0.4409084 0.219375 0.1913166 0 0 0 0 0 0 0 0 0 0 0 0 0 0 0 0 0 0 0 0 0 0 0 0 1 1212.9023 
sw090a001_1102 7 0.5498084 0.0541167 0.0768833 0.1064334 0.0953416 0.0932917 0.1237417 0 0 0 0 0 0 0 0 0 0 0 0 0 0 0 0 0 0 0 0 0 0 1 1216.6254 
