sw090b001_4418 5 0.3306817 0.0985406 0.0943548 0.0761156 0.0616707 0 0 0 0 0 0 0 0 0 0 0 0 0 0 0 0 0 0 0 0 0 0 0 0 2 4428.8006 
sw090b001_4418 5 0.4587898 0.1105078 0.1216358 0.1102439 0.1164023 0 0 0 0 0 0 0 0 0 0 0 0 0 0 0 0 0 0 0 0 0 0 0 0 1 4428.8991 
sw090b001_4418 5 0.3342573 0.0950483 0.099083 0.0803624 0.0597636 0 0 0 0 0 0 0 0 0 0 0 0 0 0 0 0 0 0 0 0 0 0 0 0 2 4433.5856 
sw090b001_4418 5 0.4583686 0.114626 0.1189669 0.1068478 0.1179279 0 0 0 0 0 0 0 0 0 0 0 0 0 0 0 0 0 0 0 0 0 0 0 0 1 4433.6265 
sw090b001_4418 5 0.3182788 0.0917142 0.0999903 0.0726044 0.0539699 0 0 0 0 0 0 0 0 0 0 0 0 0 0 0 0 0 0 0 0 0 0 0 0 2 4437.8841 
sw090b001_4418 5 0.4659613 0.1233202 0.1177759 0.1089674 0.1158978 0 0 0 0 0 0 0 0 0 0 0 0 0 0 0 0 0 0 0 0 0 0 0 0 1 4438.0758 
sw090b001_4418 5 0.3225336 0.0947623 0.0984951 0.0740128 0.0552634 0 0 0 0 0 0 0 0 0 0 0 0 0 0 0 0 0 0 0 0 0 0 0 0 2 4442.2854 
sw090b001_4418 5 0.484075 0.1190916 0.1239334 0.1123916 0.1286584 0 0 0 0 0 0 0 0 0 0 0 0 0 0 0 0 0 0 0 0 0 0 0 0 1 4442.9583 
sw090b001_4418 5 0.3173834 0.090525 0.1006667 0.06945 0.0567417 0 0 0 0 0 0 0 0 0 0 0 0 0 0 0 0 0 0 0 0 0 0 0 0 2 4447.2479 
sw090b001_4418 5 0.3118916 0.0879333 0.0920583 0.0667667 0.0651333 0 0 0 0 0 0 0 0 0 0 0 0 0 0 0 0 0 0 0 0 0 0 0 0 2 4452.4584 
sw090b001_4418 5 0.312125 0.0876166 0.099525 0.0685667 0.0564167 0 0 0 0 0 0 0 0 0 0 0 0 0 0 0 0 0 0 0 0 0 0 0 0 2 4457.8244 
sw090b001_4418 5 0.3212917 0.0860584 0.0969 0.0764333 0.0619 0 0 0 0 0 0 0 0 0 0 0 0 0 0 0 0 0 0 0 0 0 0 0 0 2 4462.9838 
