sw091a003_15105 5 0.3838083 0.116275 0.099675 0.0773166 0.0905417 0 0 0 0 0 0 0 0 0 0 0 0 0 0 0 0 0 0 0 0 0 0 0 0 1 15112.5753 
sw091a003_15105 5 0.3689834 0.1103417 0.0967833 0.0760084 0.08585 0 0 0 0 0 0 0 0 0 0 0 0 0 0 0 0 0 0 0 0 0 0 0 0 1 15116.8733 
sw091a003_15105 5 0.307125 0.0774583 0.0865083 0.0735167 0.0696417 0 0 0 0 0 0 0 0 0 0 0 0 0 0 0 0 0 0 0 0 0 0 0 0 2 15118.2005 
sw091a003_15105 5 0.3343 0.09795 0.090725 0.0811917 0.0644333 0 0 0 0 0 0 0 0 0 0 0 0 0 0 0 0 0 0 0 0 0 0 0 0 1 15121.4559 
sw091a003_15105 5 0.30575 0.077 0.0838 0.0731834 0.0717666 0 0 0 0 0 0 0 0 0 0 0 0 0 0 0 0 0 0 0 0 0 0 0 0 2 15122.2382 
sw091a003_15105 5 0.3368 0.111725 0.0870666 0.0661084 0.0719 0 0 0 0 0 0 0 0 0 0 0 0 0 0 0 0 0 0 0 0 0 0 0 0 1 15125.7774 
sw091a003_15105 5 0.3224384 0.082923 0.0861154 0.079375 0.074025 0 0 0 0 0 0 0 0 0 0 0 0 0 0 0 0 0 0 0 0 0 0 0 0 2 15126.3294 
sw091a003_15105 5 0.3710417 0.1139584 0.0966833 0.0795833 0.0808167 0 0 0 0 0 0 0 0 0 0 0 0 0 0 0 0 0 0 0 0 0 0 0 0 1 15129.8927 
sw091a003_15105 5 0.3199917 0.0883583 0.0831834 0.075375 0.073075 0 0 0 0 0 0 0 0 0 0 0 0 0 0 0 0 0 0 0 0 0 0 0 0 2 15130.5614 
sw091a003_15105 5 0.3350833 0.1000833 0.0885417 0.0766667 0.0697916 0 0 0 0 0 0 0 0 0 0 0 0 0 0 0 0 0 0 0 0 0 0 0 0 1 15134.9354 
sw091a003_15105 5 0.3170768 0.0873588 0.0830422 0.0729587 0.0737171 0 0 0 0 0 0 0 0 0 0 0 0 0 0 0 0 0 0 0 0 0 0 0 0 2 15134.9632 
