sw091a003_15145 5 0.3815833 0.0972583 0.0842 0.0682667 0.1318583 0 0 0 0 0 0 0 0 0 0 0 0 0 0 0 0 0 0 0 0 0 0 0 0 1 15148.4639 
sw091a003_15145 5 0.3211417 0.0948417 0.0814917 0.07635 0.0684583 0 0 0 0 0 0 0 0 0 0 0 0 0 0 0 0 0 0 0 0 0 0 0 0 1 15154.0502 
sw091a003_15145 5 0.3274329 0.0859772 0.0882182 0.0770697 0.0761678 0 0 0 0 0 0 0 0 0 0 0 0 0 0 0 0 0 0 0 0 0 0 0 0 2 15154.1788 
sw091a003_15145 5 0.323225 0.1009167 0.082675 0.0752583 0.064375 0 0 0 0 0 0 0 0 0 0 0 0 0 0 0 0 0 0 0 0 0 0 0 0 1 15158.9271 
sw091a003_15145 5 0.3308085 0.0832202 0.0889668 0.0672761 0.0913454 0 0 0 0 0 0 0 0 0 0 0 0 0 0 0 0 0 0 0 0 0 0 0 0 2 15159.0138 
sw091a003_15145 4 0.2453182 0.0778122 0.0905359 0.0769701 0 0 0 0 0 0 0 0 0 0 0 0 0 0 0 0 0 0 0 0 0 0 0 0 0 2 15163.0666 
sw091a003_15145 5 0.3237319 0.0950167 0.0849583 0.0760917 0.0676652 0 0 0 0 0 0 0 0 0 0 0 0 0 0 0 0 0 0 0 0 0 0 0 0 1 15166.9141 
sw091a003_15145 5 0.3222657 0.0805789 0.0911268 0.0771477 0.0734123 0 0 0 0 0 0 0 0 0 0 0 0 0 0 0 0 0 0 0 0 0 0 0 0 2 15166.9788 
sw091a003_15145 5 0.3216071 0.0711487 0.0981649 0.0777698 0.0745237 0 0 0 0 0 0 0 0 0 0 0 0 0 0 0 0 0 0 0 0 0 0 0 0 2 15170.6379 
sw091a003_15145 5 0.31055 0.0868417 0.0836417 0.0748833 0.0651833 0 0 0 0 0 0 0 0 0 0 0 0 0 0 0 0 0 0 0 0 0 0 0 0 1 15171.0748 
sw091a003_15145 5 0.3242508 0.0773139 0.0920341 0.0798572 0.0750456 0 0 0 0 0 0 0 0 0 0 0 0 0 0 0 0 0 0 0 0 0 0 0 0 2 15174.6077 
sw091a003_15145 5 0.3079917 0.0826333 0.0840584 0.0743083 0.0669917 0 0 0 0 0 0 0 0 0 0 0 0 0 0 0 0 0 0 0 0 0 0 0 0 1 15175.2851 
sw091a003_15145 5 0.3145772 0.0805587 0.0879455 0.0750601 0.0710129 0 0 0 0 0 0 0 0 0 0 0 0 0 0 0 0 0 0 0 0 0 0 0 0 2 15179.0023 
sw091a003_15145 5 0.3120584 0.0867584 0.0854583 0.073125 0.0667167 0 0 0 0 0 0 0 0 0 0 0 0 0 0 0 0 0 0 0 0 0 0 0 0 1 15179.5654 
sw091a003_15145 5 0.3288681 0.0787801 0.0973005 0.0789443 0.0738432 0 0 0 0 0 0 0 0 0 0 0 0 0 0 0 0 0 0 0 0 0 0 0 0 2 15183.5023 
sw091a003_15145 5 0.3025833 0.0879167 0.0794083 0.06845 0.0668083 0 0 0 0 0 0 0 0 0 0 0 0 0 0 0 0 0 0 0 0 0 0 0 0 1 15184.0968 
sw091a003_15145 5 0.330243 0.0874456 0.0935796 0.076557 0.0726608 0 0 0 0 0 0 0 0 0 0 0 0 0 0 0 0 0 0 0 0 0 0 0 0 2 15188.1782 
sw091a003_15145 5 0.3070833 0.0871833 0.080575 0.0712333 0.0680917 0 0 0 0 0 0 0 0 0 0 0 0 0 0 0 0 0 0 0 0 0 0 0 0 1 15188.7398 
sw091a003_15145 5 0.3368335 0.0892539 0.0953493 0.0777636 0.0744667 0 0 0 0 0 0 0 0 0 0 0 0 0 0 0 0 0 0 0 0 0 0 0 0 2 15192.8101 
sw091a003_15145 5 0.3094 0.08335 0.0869667 0.072875 0.0662083 0 0 0 0 0 0 0 0 0 0 0 0 0 0 0 0 0 0 0 0 0 0 0 0 1 15193.4982 
sw091a003_15145 5 0.3338247 0.0842614 0.0992558 0.078992 0.0713155 0 0 0 0 0 0 0 0 0 0 0 0 0 0 0 0 0 0 0 0 0 0 0 0 2 15197.2427 
sw091a003_15145 5 0.3124833 0.087625 0.0862333 0.0725167 0.0661083 0 0 0 0 0 0 0 0 0 0 0 0 0 0 0 0 0 0 0 0 0 0 0 0 1 15198.2063 
