sw091a002_6771 5 1.1582638 0.3939163 0.3890239 0.1790118 0.1963118 0 0 0 0 0 0 0 0 0 0 0 0 0 0 0 0 0 0 0 0 0 0 0 0 3 6777.4464 
sw091a002_6771 5 1.1346278 0.4116839 0.3802134 0.1598115 0.182919 0 0 0 0 0 0 0 0 0 0 0 0 0 0 0 0 0 0 0 0 0 0 0 0 2 6782.3147 
sw091a002_6771 5 1.2664417 0.4516667 0.4480916 0.1899084 0.176775 0 0 0 0 0 0 0 0 0 0 0 0 0 0 0 0 0 0 0 0 0 0 0 0 1 6782.5496 
sw091a002_6771 5 1.1914107 0.4280458 0.3925421 0.1776249 0.1931979 0 0 0 0 0 0 0 0 0 0 0 0 0 0 0 0 0 0 0 0 0 0 0 0 2 6786.1965 
sw091a002_6771 5 1.2819416 0.4631916 0.4380584 0.177875 0.2028166 0 0 0 0 0 0 0 0 0 0 0 0 0 0 0 0 0 0 0 0 0 0 0 0 1 6786.235 
sw091a002_6771 5 1.2941881 0.4515796 0.4353036 0.1894941 0.2178108 0 0 0 0 0 0 0 0 0 0 0 0 0 0 0 0 0 0 0 0 0 0 0 0 2 6790.1106 
sw091a002_6771 5 1.2381167 0.458375 0.436175 0.1727917 0.170775 0 0 0 0 0 0 0 0 0 0 0 0 0 0 0 0 0 0 0 0 0 0 0 0 1 6790.6807 
sw091a002_6771 5 1.3041392 0.4616158 0.4409758 0.1852706 0.216277 0 0 0 0 0 0 0 0 0 0 0 0 0 0 0 0 0 0 0 0 0 0 0 0 2 6793.9005 
sw091a002_6771 5 1.2361916 0.4591583 0.4220833 0.1795084 0.1754416 0 0 0 0 0 0 0 0 0 0 0 0 0 0 0 0 0 0 0 0 0 0 0 0 1 6794.5292 
sw091a002_6771 5 1.2601084 0.4474667 0.4216417 0.1991 0.1919 0 0 0 0 0 0 0 0 0 0 0 0 0 0 0 0 0 0 0 0 0 0 0 0 2 6797.6449 
sw091a002_6771 5 1.2690167 0.4559334 0.44375 0.1728833 0.19645 0 0 0 0 0 0 0 0 0 0 0 0 0 0 0 0 0 0 0 0 0 0 0 0 1 6799.5577 
sw091a002_6771 5 1.293625 0.4600167 0.420825 0.2040833 0.2087 0 0 0 0 0 0 0 0 0 0 0 0 0 0 0 0 0 0 0 0 0 0 0 0 2 6802.2064 
