sw090b002_13178 5 1.0106084 0.32625 0.3328334 0.180675 0.17085 0 0 0 0 0 0 0 0 0 0 0 0 0 0 0 0 0 0 0 0 0 0 0 0 3 13190.8381 
sw090b002_13178 5 0.9733 0.309675 0.31125 0.1858917 0.1664833 0 0 0 0 0 0 0 0 0 0 0 0 0 0 0 0 0 0 0 0 0 0 0 0 3 13194.4128 
sw090b002_13178 5 1.0049583 0.323675 0.3204 0.189925 0.1709583 0 0 0 0 0 0 0 0 0 0 0 0 0 0 0 0 0 0 0 0 0 0 0 0 3 13198.5552 
sw090b002_13178 5 1.2442 0.4337667 0.407125 0.2067 0.1966083 0 0 0 0 0 0 0 0 0 0 0 0 0 0 0 0 0 0 0 0 0 0 0 0 2 13206.694 
sw090b002_13178 5 1.2843584 0.4461584 0.42145 0.1993666 0.2173834 0 0 0 0 0 0 0 0 0 0 0 0 0 0 0 0 0 0 0 0 0 0 0 0 2 13210.9974 
sw090b002_13178 5 1.2046584 0.4400334 0.4033166 0.17155 0.1897584 0 0 0 0 0 0 0 0 0 0 0 0 0 0 0 0 0 0 0 0 0 0 0 0 3 13212.3763 
sw090b002_13178 5 1.19735 0.4345 0.3968 0.166875 0.199175 0 0 0 0 0 0 0 0 0 0 0 0 0 0 0 0 0 0 0 0 0 0 0 0 3 13216.0685 
sw090b002_13178 7 1.5765083 0.4399666 0.4267667 0.1508083 0.1439417 0.1696917 0.2453333 0 0 0 0 0 0 0 0 0 0 0 0 0 0 0 0 0 0 0 0 0 0 2 13216.9766 
sw090b002_13178 5 1.1704083 0.3950417 0.3855833 0.196775 0.1930083 0 0 0 0 0 0 0 0 0 0 0 0 0 0 0 0 0 0 0 0 0 0 0 0 3 13219.8664 
sw090b002_13178 7 1.445675 0.4457917 0.3862083 0.1380167 0.1301166 0.15595 0.1895917 0 0 0 0 0 0 0 0 0 0 0 0 0 0 0 0 0 0 0 0 0 0 2 13222.9259 
