sw090b001_3663 5 1.170147 0.4200518 0.4009266 0.1612774 0.1878912 0 0 0 0 0 0 0 0 0 0 0 0 0 0 0 0 0 0 0 0 0 0 0 0 4 3670.471 
sw090b001_3663 5 1.2774509 0.4332347 0.4350711 0.2034233 0.2057218 0 0 0 0 0 0 0 0 0 0 0 0 0 0 0 0 0 0 0 0 0 0 0 0 4 3674.7324 
sw090b001_3663 5 1.2113467 0.4413444 0.4163879 0.178381 0.1752334 0 0 0 0 0 0 0 0 0 0 0 0 0 0 0 0 0 0 0 0 0 0 0 0 3 3675.0667 
sw090b001_3663 7 1.2748629 0.0132098 0.4284705 0.0864765 0.3252453 0.2156463 0.2058145 0 0 0 0 0 0 0 0 0 0 0 0 0 0 0 0 0 0 0 0 0 0 4 3679.1995 
sw090b001_3663 5 1.1216098 0.3639955 0.4372843 0.1602795 0.1600505 0 0 0 0 0 0 0 0 0 0 0 0 0 0 0 0 0 0 0 0 0 0 0 0 3 3679.6412 
sw090b001_3663 5 1.2896221 0.4479565 0.4283982 0.2117296 0.2015378 0 0 0 0 0 0 0 0 0 0 0 0 0 0 0 0 0 0 0 0 0 0 0 0 3 3684.2584 
sw090b001_3663 5 1.1644268 0.4293796 0.3952802 0.1635793 0.1761877 0 0 0 0 0 0 0 0 0 0 0 0 0 0 0 0 0 0 0 0 0 0 0 0 4 3684.3583 
sw090b001_3663 5 1.2796956 0.445184 0.4185619 0.210787 0.2051627 0 0 0 0 0 0 0 0 0 0 0 0 0 0 0 0 0 0 0 0 0 0 0 0 3 3688.8266 
sw090b001_3663 5 1.1997398 0.4506974 0.4117741 0.1525528 0.1847155 0 0 0 0 0 0 0 0 0 0 0 0 0 0 0 0 0 0 0 0 0 0 0 0 4 3689.1249 
sw090b001_3663 5 1.2782866 0.4418346 0.4156874 0.2219352 0.1988294 0 0 0 0 0 0 0 0 0 0 0 0 0 0 0 0 0 0 0 0 0 0 0 0 3 3693.5358 
sw090b001_3663 5 1.1999453 0.4516074 0.4103639 0.1628073 0.1751667 0 0 0 0 0 0 0 0 0 0 0 0 0 0 0 0 0 0 0 0 0 0 0 0 4 3693.6455 
sw090b001_3663 5 1.2953329 0.4417321 0.4368645 0.2105226 0.2062137 0 0 0 0 0 0 0 0 0 0 0 0 0 0 0 0 0 0 0 0 0 0 0 0 3 3697.679 
sw090b001_3663 5 1.2217036 0.4386677 0.4389373 0.1689768 0.1751218 0 0 0 0 0 0 0 0 0 0 0 0 0 0 0 0 0 0 0 0 0 0 0 0 4 3697.9278 
sw090b001_3663 5 1.2704294 0.4388168 0.3999965 0.2313282 0.2002879 0 0 0 0 0 0 0 0 0 0 0 0 0 0 0 0 0 0 0 0 0 0 0 0 3 3702.0605 
sw090b001_3663 5 1.2138097 0.4543207 0.3946502 0.1872412 0.1775976 0 0 0 0 0 0 0 0 0 0 0 0 0 0 0 0 0 0 0 0 0 0 0 0 4 3702.2423 
sw090b001_3663 5 1.2767626 0.441603 0.4314431 0.205908 0.1978085 0 0 0 0 0 0 0 0 0 0 0 0 0 0 0 0 0 0 0 0 0 0 0 0 3 3706.7759 
sw090b001_3663 5 1.2271539 0.448281 0.4139215 0.1741744 0.190777 0 0 0 0 0 0 0 0 0 0 0 0 0 0 0 0 0 0 0 0 0 0 0 0 4 3706.8716 
sw090b001_3663 5 1.3209579 0.4614772 0.4264807 0.2167334 0.2162666 0 0 0 0 0 0 0 0 0 0 0 0 0 0 0 0 0 0 0 0 0 0 0 0 4 3715.6078 
sw090b001_3663 5 1.3531372 0.4626157 0.4283593 0.2317416 0.2304206 0 0 0 0 0 0 0 0 0 0 0 0 0 0 0 0 0 0 0 0 0 0 0 0 4 3720.0424 
sw090b001_3663 5 1.3939028 0.4889778 0.471 0.2193917 0.2145333 0 0 0 0 0 0 0 0 0 0 0 0 0 0 0 0 0 0 0 0 0 0 0 0 4 3724.9979 
sw090b001_3663 5 1.3402312 0.4796072 0.4401052 0.214529 0.2059898 0 0 0 0 0 0 0 0 0 0 0 0 0 0 0 0 0 0 0 0 0 0 0 0 4 3729.6798 
sw090b001_3663 5 1.290439 0.4442169 0.4413719 0.2059828 0.1988674 0 0 0 0 0 0 0 0 0 0 0 0 0 0 0 0 0 0 0 0 0 0 0 0 3 3729.9284 
sw090b001_3663 5 1.3996787 0.4646386 0.4750827 0.2300255 0.2299319 0 0 0 0 0 0 0 0 0 0 0 0 0 0 0 0 0 0 0 0 0 0 0 0 4 3734.2991 
sw090b001_3663 5 1.3552217 0.4667335 0.4472371 0.2172593 0.2239918 0 0 0 0 0 0 0 0 0 0 0 0 0 0 0 0 0 0 0 0 0 0 0 0 4 3738.8691 
sw090b001_3663 5 1.2630665 0.4373981 0.4446659 0.1934906 0.1875119 0 0 0 0 0 0 0 0 0 0 0 0 0 0 0 0 0 0 0 0 0 0 0 0 3 3739.825 
sw090b001_3663 5 1.3684411 0.4799582 0.4574414 0.2133249 0.2177166 0 0 0 0 0 0 0 0 0 0 0 0 0 0 0 0 0 0 0 0 0 0 0 0 4 3743.6193 
sw090b001_3663 5 1.2495912 0.4231915 0.4218915 0.2063083 0.1981999 0 0 0 0 0 0 0 0 0 0 0 0 0 0 0 0 0 0 0 0 0 0 0 0 3 3743.8454 
sw090b001_3663 5 1.254691 0.4221628 0.4058387 0.2220651 0.2046244 0 0 0 0 0 0 0 0 0 0 0 0 0 0 0 0 0 0 0 0 0 0 0 0 3 3749.1307 
