sw090a005_32985 5 1.21751 0.4378898 0.4007357 0.1865779 0.1923012 0 0 0 0 0 0 0 0 0 0 0 0 0 0 0 0 0 0 0 0 0 0 0 0 2 32991.2487 
sw090a005_32985 5 1.2625159 0.4469699 0.43885 0.1850796 0.1916164 0 0 0 0 0 0 0 0 0 0 0 0 0 0 0 0 0 0 0 0 0 0 0 0 1 32994.5776 
sw090a005_32985 5 1.2318505 0.4582008 0.4081055 0.178823 0.1867212 0 0 0 0 0 0 0 0 0 0 0 0 0 0 0 0 0 0 0 0 0 0 0 0 2 32994.9773 
sw090a005_32985 5 1.313875 0.4588083 0.444775 0.1968167 0.213475 0 0 0 0 0 0 0 0 0 0 0 0 0 0 0 0 0 0 0 0 0 0 0 0 1 32998.3778 
sw090a005_32985 5 1.367825 0.4656083 0.4787417 0.2004333 0.2230417 0 0 0 0 0 0 0 0 0 0 0 0 0 0 0 0 0 0 0 0 0 0 0 0 1 33002.4756 
sw090a005_32985 5 1.297315 0.4607023 0.4467521 0.1811993 0.2086613 0 0 0 0 0 0 0 0 0 0 0 0 0 0 0 0 0 0 0 0 0 0 0 0 2 33004.7653 
sw090a005_32985 5 1.3595919 0.4742145 0.447219 0.2154117 0.2227467 0 0 0 0 0 0 0 0 0 0 0 0 0 0 0 0 0 0 0 0 0 0 0 0 2 33014.183 
sw090a005_32985 5 1.2625397 0.4662174 0.4176889 0.1907178 0.1879156 0 0 0 0 0 0 0 0 0 0 0 0 0 0 0 0 0 0 0 0 0 0 0 0 1 33018.0291 
sw090a005_32985 5 1.3306998 0.4719451 0.4386422 0.2055095 0.214603 0 0 0 0 0 0 0 0 0 0 0 0 0 0 0 0 0 0 0 0 0 0 0 0 2 33018.1486 
sw090a005_32985 5 1.3137923 0.4585879 0.4295084 0.2143178 0.2113782 0 0 0 0 0 0 0 0 0 0 0 0 0 0 0 0 0 0 0 0 0 0 0 0 2 33021.9305 
sw090a005_32985 5 1.2695587 0.4358836 0.441816 0.2036881 0.188171 0 0 0 0 0 0 0 0 0 0 0 0 0 0 0 0 0 0 0 0 0 0 0 0 1 33025.6848 
sw090a005_32985 5 1.2799323 0.4572079 0.4301184 0.1857338 0.2068722 0 0 0 0 0 0 0 0 0 0 0 0 0 0 0 0 0 0 0 0 0 0 0 0 2 33025.9086 
sw090a005_32985 5 1.2806466 0.4813078 0.4370616 0.1752227 0.1870545 0 0 0 0 0 0 0 0 0 0 0 0 0 0 0 0 0 0 0 0 0 0 0 0 1 33029.8457 
sw090a005_32985 5 1.2778387 0.4608371 0.4244361 0.1887977 0.2037678 0 0 0 0 0 0 0 0 0 0 0 0 0 0 0 0 0 0 0 0 0 0 0 0 2 33029.9764 
sw090a005_32985 5 1.3038152 0.4697621 0.4238288 0.198883 0.2113413 0 0 0 0 0 0 0 0 0 0 0 0 0 0 0 0 0 0 0 0 0 0 0 0 2 33034.0356 
sw090a005_32985 5 1.2873714 0.4634254 0.4254646 0.1897312 0.2087502 0 0 0 0 0 0 0 0 0 0 0 0 0 0 0 0 0 0 0 0 0 0 0 0 2 33037.7248 
sw090a005_32985 5 1.2778008 0.4478241 0.4480633 0.1866126 0.195297 0 0 0 0 0 0 0 0 0 0 0 0 0 0 0 0 0 0 0 0 0 0 0 0 1 33042.4935 
sw090a005_32985 5 1.2673084 0.4618 0.4083334 0.1956666 0.2015084 0 0 0 0 0 0 0 0 0 0 0 0 0 0 0 0 0 0 0 0 0 0 0 0 1 33046.8997 
sw090a005_32985 5 1.268425 0.4685667 0.4114333 0.1846667 0.2037583 0 0 0 0 0 0 0 0 0 0 0 0 0 0 0 0 0 0 0 0 0 0 0 0 1 33052.7407 
sw090a005_32985 5 1.2710084 0.4810084 0.4077083 0.1811 0.2011917 0 0 0 0 0 0 0 0 0 0 0 0 0 0 0 0 0 0 0 0 0 0 0 0 1 33058.3538 
sw090a005_32985 7 1.6536417 0.4686334 0.44335 0.1705083 0.1625917 0.187325 0.2212333 0 0 0 0 0 0 0 0 0 0 0 0 0 0 0 0 0 0 0 0 0 0 3 33073.6189 
sw090a005_32985 8 1.7087776 0.4608412 0.4023018 0.1601853 0.1595269 0.1661207 0.1664019 0.1933998 0 0 0 0 0 0 0 0 0 0 0 0 0 0 0 0 0 0 0 0 0 3 33079.2311 
