sw090a001_5117 5 1.1702167 0.4200334 0.401 0.1612916 0.1878917 0 0 0 0 0 0 0 0 0 0 0 0 0 0 0 0 0 0 0 0 0 0 0 0 1 5120.2758 
sw090a001_5117 5 1.2775887 0.4333648 0.4469871 0.2038047 0.1934321 0 0 0 0 0 0 0 0 0 0 0 0 0 0 0 0 0 0 0 0 0 0 0 0 2 5124.5379 
sw090a001_5117 5 1.2113167 0.441325 0.416375 0.178375 0.1752417 0 0 0 0 0 0 0 0 0 0 0 0 0 0 0 0 0 0 0 0 0 0 0 0 1 5124.8715 
sw090a001_5117 5 1.2760429 0.4416588 0.4115782 0.217014 0.2057919 0 0 0 0 0 0 0 0 0 0 0 0 0 0 0 0 0 0 0 0 0 0 0 0 2 5129.0051 
sw090a001_5117 5 1.2037167 0.4461417 0.4372666 0.1602667 0.1600417 0 0 0 0 0 0 0 0 0 0 0 0 0 0 0 0 0 0 0 0 0 0 0 0 1 5129.3637 
sw090a001_5117 5 1.2634986 0.447977 0.428403 0.2095669 0.1775517 0 0 0 0 0 0 0 0 0 0 0 0 0 0 0 0 0 0 0 0 0 0 0 0 2 5134.0637 
sw090a001_5117 5 1.1644167 0.4294 0.395275 0.1621917 0.17755 0 0 0 0 0 0 0 0 0 0 0 0 0 0 0 0 0 0 0 0 0 0 0 0 1 5134.1628 
sw090a001_5117 5 1.2796672 0.445233 0.418513 0.2107639 0.2051573 0 0 0 0 0 0 0 0 0 0 0 0 0 0 0 0 0 0 0 0 0 0 0 0 2 5138.6318 
sw090a001_5117 5 1.1996833 0.4506917 0.4117416 0.1525417 0.1847083 0 0 0 0 0 0 0 0 0 0 0 0 0 0 0 0 0 0 0 0 0 0 0 0 1 5138.9295 
sw090a001_5117 5 1.2782615 0.4418393 0.4156837 0.2251895 0.195549 0 0 0 0 0 0 0 0 0 0 0 0 0 0 0 0 0 0 0 0 0 0 0 0 2 5143.341 
sw090a001_5117 5 1.1999166 0.4516083 0.41035 0.1627917 0.1751666 0 0 0 0 0 0 0 0 0 0 0 0 0 0 0 0 0 0 0 0 0 0 0 0 1 5143.4501 
sw090a001_5117 5 1.2919217 0.4417823 0.4368597 0.2105136 0.2027661 0 0 0 0 0 0 0 0 0 0 0 0 0 0 0 0 0 0 0 0 0 0 0 0 2 5147.4841 
sw090a001_5117 5 1.2217333 0.438675 0.4389583 0.1661417 0.1779583 0 0 0 0 0 0 0 0 0 0 0 0 0 0 0 0 0 0 0 0 0 0 0 0 1 5147.7323 
sw090a001_5117 5 1.2705041 0.4388629 0.3999866 0.2313233 0.2003313 0 0 0 0 0 0 0 0 0 0 0 0 0 0 0 0 0 0 0 0 0 0 0 0 2 5151.8656 
sw090a001_5117 5 1.2137584 0.4543167 0.3946167 0.187225 0.1776 0 0 0 0 0 0 0 0 0 0 0 0 0 0 0 0 0 0 0 0 0 0 0 0 1 5152.0469 
sw090a001_5117 5 1.2781761 0.4415909 0.4314146 0.2058952 0.1992754 0 0 0 0 0 0 0 0 0 0 0 0 0 0 0 0 0 0 0 0 0 0 0 0 2 5156.5811 
sw090a001_5117 5 1.2271333 0.4482917 0.4138666 0.17415 0.190825 0 0 0 0 0 0 0 0 0 0 0 0 0 0 0 0 0 0 0 0 0 0 0 0 1 5156.6761 
sw090a001_5117 5 1.3209167 0.4614917 0.4264583 0.2167167 0.21625 0 0 0 0 0 0 0 0 0 0 0 0 0 0 0 0 0 0 0 0 0 0 0 0 3 5165.4122 
sw090a001_5117 5 1.35295 0.4625667 0.4282917 0.2317 0.2303916 0 0 0 0 0 0 0 0 0 0 0 0 0 0 0 0 0 0 0 0 0 0 0 0 3 5169.8468 
sw090a001_5117 5 1.3938166 0.4889583 0.470975 0.219375 0.2145083 0 0 0 0 0 0 0 0 0 0 0 0 0 0 0 0 0 0 0 0 0 0 0 0 3 5174.8023 
sw090a001_5117 5 1.3529167 0.4795917 0.4400417 0.2144445 0.2188388 0 0 0 0 0 0 0 0 0 0 0 0 0 0 0 0 0 0 0 0 0 0 0 0 3 5179.4842 
sw090a001_5117 5 1.2901833 0.4441833 0.4411833 0.2061167 0.1987 0 0 0 0 0 0 0 0 0 0 0 0 0 0 0 0 0 0 0 0 0 0 0 0 4 5179.7329 
sw090a001_5117 5 1.3996 0.4646083 0.4750417 0.2300167 0.2299333 0 0 0 0 0 0 0 0 0 0 0 0 0 0 0 0 0 0 0 0 0 0 0 0 3 5184.1033 
sw090a001_5117 5 1.3551416 0.4666916 0.4472084 0.21725 0.2239916 0 0 0 0 0 0 0 0 0 0 0 0 0 0 0 0 0 0 0 0 0 0 0 0 3 5188.6734 
sw090a001_5117 5 1.26305 0.4374083 0.4446334 0.1934833 0.187525 0 0 0 0 0 0 0 0 0 0 0 0 0 0 0 0 0 0 0 0 0 0 0 0 4 5189.6294 
sw090a001_5117 5 1.3681466 0.4799313 0.4572424 0.2132851 0.2176878 0 0 0 0 0 0 0 0 0 0 0 0 0 0 0 0 0 0 0 0 0 0 0 0 3 5193.4236 
sw090a001_5117 5 1.2493033 0.4231562 0.4218423 0.2062795 0.1980253 0 0 0 0 0 0 0 0 0 0 0 0 0 0 0 0 0 0 0 0 0 0 0 0 4 5193.6498 
sw090a001_5117 5 1.254775 0.4223083 0.4058083 0.22205 0.2046084 0 0 0 0 0 0 0 0 0 0 0 0 0 0 0 0 0 0 0 0 0 0 0 0 4 5198.9347 
