sw091b001_5849 5 0.3606416 0.1136166 0.0972917 0.0798 0.0699333 0 0 0 0 0 0 0 0 0 0 0 0 0 0 0 0 0 0 0 0 0 0 0 0 2 5869.2263 
sw091b001_5849 5 0.3272917 0.0951 0.0904334 0.075625 0.0661333 0 0 0 0 0 0 0 0 0 0 0 0 0 0 0 0 0 0 0 0 0 0 0 0 2 5873.1549 
sw091b001_5849 5 0.3229667 0.10285 0.083775 0.0746583 0.0616834 0 0 0 0 0 0 0 0 0 0 0 0 0 0 0 0 0 0 0 0 0 0 0 0 2 5877.0601 
sw091b001_5849 5 0.3131833 0.088 0.08805 0.0722917 0.0648416 0 0 0 0 0 0 0 0 0 0 0 0 0 0 0 0 0 0 0 0 0 0 0 0 1 5877.8809 
sw091b001_5849 5 0.3136713 0.0800748 0.0831811 0.0764104 0.074005 0 0 0 0 0 0 0 0 0 0 0 0 0 0 0 0 0 0 0 0 0 0 0 0 1 5881.655 
sw091b001_5849 5 0.3360706 0.104077 0.0912388 0.073957 0.0667978 0 0 0 0 0 0 0 0 0 0 0 0 0 0 0 0 0 0 0 0 0 0 0 0 2 5881.828 
sw091b001_5849 5 0.3097917 0.1033917 0.0787083 0.0673001 0.0603916 0 0 0 0 0 0 0 0 0 0 0 0 0 0 0 0 0 0 0 0 0 0 0 0 2 5885.9122 
sw091b001_5849 6 0.3179034 0.0833317 0.08702 0.00046 0.075965 0.0711267 0 0 0 0 0 0 0 0 0 0 0 0 0 0 0 0 0 0 0 0 0 0 0 1 5889.8519 
sw091b001_5849 5 0.3122625 0.0949567 0.0855967 0.0684008 0.0633083 0 0 0 0 0 0 0 0 0 0 0 0 0 0 0 0 0 0 0 0 0 0 0 0 2 5890.0313 
sw091b001_5849 5 0.3283661 0.083392 0.0914724 0.0774177 0.076084 0 0 0 0 0 0 0 0 0 0 0 0 0 0 0 0 0 0 0 0 0 0 0 0 1 5894.2634 
sw091b001_5849 5 0.3277877 0.1025106 0.0844703 0.073953 0.0668538 0 0 0 0 0 0 0 0 0 0 0 0 0 0 0 0 0 0 0 0 0 0 0 0 2 5894.3358 
sw091b001_5849 5 0.329725 0.0994917 0.0878167 0.07715 0.0652666 0 0 0 0 0 0 0 0 0 0 0 0 0 0 0 0 0 0 0 0 0 0 0 0 2 5898.7465 
