sw091b004_28217 5 0.3188 0.0917917 0.0919916 0.073675 0.0613417 0 0 0 0 0 0 0 0 0 0 0 0 0 0 0 0 0 0 0 0 0 0 0 0 2 28226.4367 
sw091b004_28217 5 0.3146083 0.0722666 0.091125 0.0777417 0.073475 0 0 0 0 0 0 0 0 0 0 0 0 0 0 0 0 0 0 0 0 0 0 0 0 2 28233.0546 
sw091b004_28217 5 0.3164 0.078375 0.0841916 0.0781084 0.075725 0 0 0 0 0 0 0 0 0 0 0 0 0 0 0 0 0 0 0 0 0 0 0 0 2 28237.4539 
sw091b004_28217 5 0.3154667 0.071 0.0850834 0.079175 0.0802083 0 0 0 0 0 0 0 0 0 0 0 0 0 0 0 0 0 0 0 0 0 0 0 0 2 28241.8905 
sw091b004_28217 5 0.3066166 0.0744359 0.0794057 0.0707677 0.0820073 0 0 0 0 0 0 0 0 0 0 0 0 0 0 0 0 0 0 0 0 0 0 0 0 2 28246.9679 
sw091b004_28217 5 0.3292285 0.0659019 0.0968512 0.0822238 0.0842516 0 0 0 0 0 0 0 0 0 0 0 0 0 0 0 0 0 0 0 0 0 0 0 0 2 28251.5768 
sw091b004_28217 5 0.3220035 0.0805376 0.0831432 0.0785628 0.0797599 0 0 0 0 0 0 0 0 0 0 0 0 0 0 0 0 0 0 0 0 0 0 0 0 2 28256.0968 
sw091b004_28217 5 0.3234268 0.0812355 0.084167 0.0794458 0.0785785 0 0 0 0 0 0 0 0 0 0 0 0 0 0 0 0 0 0 0 0 0 0 0 0 2 28261.175 
sw091b004_28217 5 0.3201333 0.0782516 0.0803085 0.0762483 0.0853249 0 0 0 0 0 0 0 0 0 0 0 0 0 0 0 0 0 0 0 0 0 0 0 0 2 28266.2657 
sw091b004_28217 5 0.317497 0.0846305 0.0811638 0.0739604 0.0777423 0 0 0 0 0 0 0 0 0 0 0 0 0 0 0 0 0 0 0 0 0 0 0 0 2 28270.4339 
