sw090b004_27614 15 1.321575 0.15265 0.0836833 0.0897334 0.0875166 0.0854917 0.0786 0.0766 0.0740167 0.0782166 0.082 0.0902417 0.0994167 0.1107583 0.13265 0 0 0 0 0 0 0 0 0 0 0 0 0 0 2 27629.6205 
sw090b004_27614 8 0.628575 0.0510416 0.1718917 0.0600833 0.0634834 0.0700166 0.09175 0.1203084 0 0 0 0 0 0 0 0 0 0 0 0 0 0 0 0 0 0 0 0 0 2 27631.70177 
sw090b004_27614 15 1.2666549 0.1583247 0.0765848 0.0799979 0.0833558 0.0838103 0.0783433 0.0830359 0.0804433 0.0816099 0.0812602 0.0797106 0.0835896 0.0950578 0.1215308 0 0 0 0 0 0 0 0 0 0 0 0 0 0 2 27634.7274 
sw090b004_27614 8 0.5625061 0.0535166 0.1390293 0.0663789 0.0597167 0.0623294 0.0807122 0.100823 0 0 0 0 0 0 0 0 0 0 0 0 0 0 0 0 0 0 0 0 0 3 27635.3629 
sw090b004_27614 15 1.2563574 0.1457584 0.0845333 0.0771583 0.0776584 0.0823666 0.08035 0.0793667 0.07695 0.0774535 0.0799909 0.0819013 0.0857679 0.0983522 0.1287499 0 0 0 0 0 0 0 0 0 0 0 0 0 0 2 27637.0595 
sw090b004_27614 9 0.6191303 0.0676206 0.1146067 0.0596263 0.0484609 0.0569707 0.0631637 0.0773275 0.1313539 0 0 0 0 0 0 0 0 0 0 0 0 0 0 0 0 0 0 0 0 3 27637.9353 
sw090b004_27614 12 0.6437416 0.0522916 0.0678833 0.058075 0.04945 0.0467001 0.0449666 0.0482417 0.0534167 0.0609499 0.0671667 0.0946 0 0 0 0 0 0 0 0 0 0 0 0 0 0 0 0 0 3 27639.463 
sw090b004_27614 5 1.0279385 0.3459928 0.3381196 0.185064 0.1587621 0 0 0 0 0 0 0 0 0 0 0 0 0 0 0 0 0 0 0 0 0 0 0 0 3 27642.9006 
sw090b004_27614 20 1.1082534 0.0384658 0.0417898 0.0461065 0.0454621 0.0440056 0.0419639 0.0503389 0.0325852 0.041 0.0414121 0.0409824 0.0460167 0.03755 0.0431482 0.0554296 0.053839 0.0672333 0.1048779 0.2360436 0 0 0 0 0 0 0 0 0 2 27642.9384 
sw090b004_27614 5 0.9733167 0.3227334 0.316575 0.184225 0.1497833 0 0 0 0 0 0 0 0 0 0 0 0 0 0 0 0 0 0 0 0 0 0 0 0 3 27646.1152 
sw090b004_27614 19 1.1160166 0.0383 0.0424833 0.0427706 0.0516377 0.0415667 0.04155 0.0392083 0.0392167 0.0389167 0.03845 0.0260263 0.0522987 0.04645 0.0535083 0.0654167 0.0890083 0.149975 0.2192333 0 0 0 0 0 0 0 0 0 0 2 27646.3144 
sw090b004_27614 5 0.994275 0.321025 0.3267917 0.193775 0.1526833 0 0 0 0 0 0 0 0 0 0 0 0 0 0 0 0 0 0 0 0 0 0 0 0 3 27649.2154 
sw090b004_27614 5 0.9770417 0.322425 0.30495 0.1828084 0.1668583 0 0 0 0 0 0 0 0 0 0 0 0 0 0 0 0 0 0 0 0 0 0 0 0 2 27650.4165 
sw090b004_27614 5 1.0157916 0.31365 0.3335166 0.1851334 0.1834916 0 0 0 0 0 0 0 0 0 0 0 0 0 0 0 0 0 0 0 0 0 0 0 0 2 27655.2677 
sw090b004_27614 5 0.9789278 0.3047793 0.3283914 0.1852408 0.1605163 0 0 0 0 0 0 0 0 0 0 0 0 0 0 0 0 0 0 0 0 0 0 0 0 2 27660.2141 
sw090b004_27614 5 0.5637888 0.1674395 0.1418477 0.1200765 0.1344251 0 0 0 0 0 0 0 0 0 0 0 0 0 0 0 0 0 0 0 0 0 0 0 0 3 27660.4958 
sw090b004_27614 5 0.9020304 0.3020877 0.2656627 0.1686639 0.1656161 0 0 0 0 0 0 0 0 0 0 0 0 0 0 0 0 0 0 0 0 0 0 0 0 2 27663.8112 
sw090b004_27614 5 0.5239184 0.1190973 0.1372307 0.1319473 0.1356431 0 0 0 0 0 0 0 0 0 0 0 0 0 0 0 0 0 0 0 0 0 0 0 0 3 27664.3564 
sw090b004_27614 5 0.5227291 0.1311078 0.1240525 0.1208903 0.1466785 0 0 0 0 0 0 0 0 0 0 0 0 0 0 0 0 0 0 0 0 0 0 0 0 2 27668.412 
sw090b004_27614 5 0.5457752 0.1354193 0.1458533 0.1272072 0.1372954 0 0 0 0 0 0 0 0 0 0 0 0 0 0 0 0 0 0 0 0 0 0 0 0 3 27668.5068 
sw090b004_27614 5 0.573225 0.1452083 0.1508833 0.1235167 0.1536167 0 0 0 0 0 0 0 0 0 0 0 0 0 0 0 0 0 0 0 0 0 0 0 0 2 27671.9131 
sw090b004_27614 5 1.1459722 0.4070556 0.3874 0.1577416 0.193775 0 0 0 0 0 0 0 0 0 0 0 0 0 0 0 0 0 0 0 0 0 0 0 0 2 27675.7254 
sw090b004_27614 5 1.154864 0.381463 0.4047854 0.1819367 0.1866789 0 0 0 0 0 0 0 0 0 0 0 0 0 0 0 0 0 0 0 0 0 0 0 0 2 27679.7538 
sw090b004_27614 5 1.1139807 0.4047906 0.3917277 0.1600379 0.1574245 0 0 0 0 0 0 0 0 0 0 0 0 0 0 0 0 0 0 0 0 0 0 0 0 3 27680.1353 
sw090b004_27614 5 1.1532902 0.3975431 0.3841992 0.191907 0.1796409 0 0 0 0 0 0 0 0 0 0 0 0 0 0 0 0 0 0 0 0 0 0 0 0 2 27683.8409 
sw090b004_27614 5 1.1286736 0.4101195 0.4005428 0.1519548 0.1660565 0 0 0 0 0 0 0 0 0 0 0 0 0 0 0 0 0 0 0 0 0 0 0 0 3 27684.2125 
sw090b004_27614 5 1.1853476 0.4056736 0.3887457 0.1967655 0.1941628 0 0 0 0 0 0 0 0 0 0 0 0 0 0 0 0 0 0 0 0 0 0 0 0 2 27687.8931 
sw090b004_27614 5 1.1107251 0.3834013 0.4106971 0.1606495 0.1559772 0 0 0 0 0 0 0 0 0 0 0 0 0 0 0 0 0 0 0 0 0 0 0 0 3 27688.5335 
sw090b004_27614 5 1.1902011 0.410347 0.3954434 0.1974158 0.1869949 0 0 0 0 0 0 0 0 0 0 0 0 0 0 0 0 0 0 0 0 0 0 0 0 2 27692.1235 
sw090b004_27614 5 1.1361171 0.4485863 0.3656321 0.1529145 0.1689842 0 0 0 0 0 0 0 0 0 0 0 0 0 0 0 0 0 0 0 0 0 0 0 0 3 27692.8354 
sw090b004_27614 5 1.2085464 0.4375547 0.4037833 0.1802333 0.1869751 0 0 0 0 0 0 0 0 0 0 0 0 0 0 0 0 0 0 0 0 0 0 0 0 2 27697.2705 
sw090b004_27614 5 1.2857822 0.4457428 0.4289623 0.2101122 0.2009649 0 0 0 0 0 0 0 0 0 0 0 0 0 0 0 0 0 0 0 0 0 0 0 0 3 27706.8543 
sw090b004_27614 5 1.1746035 0.4116632 0.4122614 0.1668334 0.1838455 0 0 0 0 0 0 0 0 0 0 0 0 0 0 0 0 0 0 0 0 0 0 0 0 2 27708.283 
sw090b004_27614 5 1.3124758 0.4486669 0.442592 0.2169668 0.2042501 0 0 0 0 0 0 0 0 0 0 0 0 0 0 0 0 0 0 0 0 0 0 0 0 3 27711.9459 
sw090b004_27614 5 1.1738007 0.4139003 0.3972668 0.1895168 0.1731168 0 0 0 0 0 0 0 0 0 0 0 0 0 0 0 0 0 0 0 0 0 0 0 0 2 27712.943 
sw090b004_27614 5 1.3473272 0.466448 0.4441174 0.2190135 0.2177483 0 0 0 0 0 0 0 0 0 0 0 0 0 0 0 0 0 0 0 0 0 0 0 0 3 27716.3891 
sw090b004_27614 5 1.1642071 0.4085034 0.4036174 0.1729806 0.1791057 0 0 0 0 0 0 0 0 0 0 0 0 0 0 0 0 0 0 0 0 0 0 0 0 2 27717.396 
sw090b004_27614 5 1.3375934 0.4740457 0.4418042 0.2211658 0.2005777 0 0 0 0 0 0 0 0 0 0 0 0 0 0 0 0 0 0 0 0 0 0 0 0 3 27720.8339 
sw090b004_27614 5 1.1693736 0.4139792 0.3950067 0.1765564 0.1838313 0 0 0 0 0 0 0 0 0 0 0 0 0 0 0 0 0 0 0 0 0 0 0 0 2 27722.1108 
sw090b004_27614 5 1.2883769 0.4455928 0.4206579 0.210967 0.2111592 0 0 0 0 0 0 0 0 0 0 0 0 0 0 0 0 0 0 0 0 0 0 0 0 3 27725.3659 
sw090b004_27614 5 1.1728976 0.4255099 0.4009429 0.1825112 0.1639336 0 0 0 0 0 0 0 0 0 0 0 0 0 0 0 0 0 0 0 0 0 0 0 0 2 27726.0176 
sw090b004_27614 5 1.308525 0.4230333 0.4458417 0.2260416 0.2136084 0 0 0 0 0 0 0 0 0 0 0 0 0 0 0 0 0 0 0 0 0 0 0 0 3 27729.5267 
sw090b004_27614 5 1.1561256 0.4061752 0.3988503 0.1781584 0.1729417 0 0 0 0 0 0 0 0 0 0 0 0 0 0 0 0 0 0 0 0 0 0 0 0 2 27730.1677 
sw090b004_27614 5 1.1571714 0.4081335 0.3911577 0.1802934 0.1775868 0 0 0 0 0 0 0 0 0 0 0 0 0 0 0 0 0 0 0 0 0 0 0 0 2 27734.0802 
