sw091a002_7862 5 0.3608417 0.1137667 0.0973166 0.0798084 0.06995 0 0 0 0 0 0 0 0 0 0 0 0 0 0 0 0 0 0 0 0 0 0 0 0 1 7869.469 
sw091a002_7862 5 0.327325 0.0951167 0.0904417 0.0756416 0.066125 0 0 0 0 0 0 0 0 0 0 0 0 0 0 0 0 0 0 0 0 0 0 0 0 1 7873.3979 
sw091a002_7862 5 0.323 0.10285 0.0837917 0.0746666 0.0616917 0 0 0 0 0 0 0 0 0 0 0 0 0 0 0 0 0 0 0 0 0 0 0 0 1 7877.3033 
sw091a002_7862 5 0.3130906 0.0879863 0.0880076 0.0722724 0.0648243 0 0 0 0 0 0 0 0 0 0 0 0 0 0 0 0 0 0 0 0 0 0 0 0 2 7878.1244 
sw091a002_7862 5 0.3135943 0.0800502 0.0831659 0.0763928 0.0739854 0 0 0 0 0 0 0 0 0 0 0 0 0 0 0 0 0 0 0 0 0 0 0 0 2 7881.8984 
sw091a002_7862 5 0.3360333 0.1040666 0.091225 0.07395 0.0667917 0 0 0 0 0 0 0 0 0 0 0 0 0 0 0 0 0 0 0 0 0 0 0 0 1 7882.0711 
sw091a002_7862 5 0.3097584 0.103375 0.0787084 0.0672916 0.0603834 0 0 0 0 0 0 0 0 0 0 0 0 0 0 0 0 0 0 0 0 0 0 0 0 1 7886.1552 
sw091a002_7862 5 0.3178499 0.0833396 0.0874491 0.0759446 0.0711166 0 0 0 0 0 0 0 0 0 0 0 0 0 0 0 0 0 0 0 0 0 0 0 0 2 7890.0952 
sw091a002_7862 5 0.3122584 0.09495 0.0856084 0.0684 0.0633 0 0 0 0 0 0 0 0 0 0 0 0 0 0 0 0 0 0 0 0 0 0 0 0 1 7890.2744 
sw091a002_7862 5 0.333062 0.0779058 0.0967348 0.0776109 0.0808105 0 0 0 0 0 0 0 0 0 0 0 0 0 0 0 0 0 0 0 0 0 0 0 0 2 7894.5069 
sw091a002_7862 5 0.3278 0.102525 0.0844584 0.0739666 0.06685 0 0 0 0 0 0 0 0 0 0 0 0 0 0 0 0 0 0 0 0 0 0 0 0 1 7894.579 
sw091a002_7862 5 0.3297083 0.0994833 0.0878167 0.07715 0.0652583 0 0 0 0 0 0 0 0 0 0 0 0 0 0 0 0 0 0 0 0 0 0 0 0 1 7898.9898 
