sw090b002_10922 5 1.2924637 0.4587554 0.4298833 0.2010417 0.2027833 0 0 0 0 0 0 0 0 0 0 0 0 0 0 0 0 0 0 0 0 0 0 0 0 2 10943.4179 
sw090b002_10922 5 1.2683218 0.459939 0.432535 0.1732819 0.2025659 0 0 0 0 0 0 0 0 0 0 0 0 0 0 0 0 0 0 0 0 0 0 0 0 3 10947.3269 
sw090b002_10922 6 1.2590776 0.4625888 0.0128682 0.4114132 0.1816143 0.1905931 0 0 0 0 0 0 0 0 0 0 0 0 0 0 0 0 0 0 0 0 0 0 0 4 10947.3997 
sw090b002_10922 5 1.2926384 0.4608116 0.4389558 0.1831873 0.2096837 0 0 0 0 0 0 0 0 0 0 0 0 0 0 0 0 0 0 0 0 0 0 0 0 4 10951.1805 
sw090b002_10922 5 1.2865951 0.4577603 0.4410282 0.187805 0.2000016 0 0 0 0 0 0 0 0 0 0 0 0 0 0 0 0 0 0 0 0 0 0 0 0 4 10954.4048 
sw090b002_10922 5 1.2474629 0.4628181 0.4112866 0.1752366 0.1981216 0 0 0 0 0 0 0 0 0 0 0 0 0 0 0 0 0 0 0 0 0 0 0 0 3 10955.1038 
sw090b002_10922 5 1.3114702 0.4594573 0.4400346 0.2033139 0.2086644 0 0 0 0 0 0 0 0 0 0 0 0 0 0 0 0 0 0 0 0 0 0 0 0 4 10958.5905 
sw090b002_10922 5 1.3945641 0.4888217 0.4590469 0.2248646 0.2218309 0 0 0 0 0 0 0 0 0 0 0 0 0 0 0 0 0 0 0 0 0 0 0 0 3 10967.5215 
sw090b002_10922 6 1.2482609 0.0762759 0.3592951 0.4372368 0.1876981 0.187755 0 0 0 0 0 0 0 0 0 0 0 0 0 0 0 0 0 0 0 0 0 0 0 4 10967.9341 
sw090b002_10922 5 1.4078627 0.4847331 0.4712775 0.2200051 0.231847 0 0 0 0 0 0 0 0 0 0 0 0 0 0 0 0 0 0 0 0 0 0 0 0 3 10972.0378 
sw090b002_10922 5 1.2399435 0.4404713 0.4404574 0.1747091 0.1843057 0 0 0 0 0 0 0 0 0 0 0 0 0 0 0 0 0 0 0 0 0 0 0 0 4 10972.3425 
sw090b002_10922 5 1.3583357 0.4684115 0.4553412 0.2096618 0.2249212 0 0 0 0 0 0 0 0 0 0 0 0 0 0 0 0 0 0 0 0 0 0 0 0 3 10976.2924 
sw090b002_10922 5 1.2548529 0.4655901 0.4142831 0.1841025 0.1908772 0 0 0 0 0 0 0 0 0 0 0 0 0 0 0 0 0 0 0 0 0 0 0 0 4 10976.4529 
sw090b002_10922 5 1.3894306 0.476866 0.4636639 0.2193141 0.2295866 0 0 0 0 0 0 0 0 0 0 0 0 0 0 0 0 0 0 0 0 0 0 0 0 3 10980.438 
sw090b002_10922 5 1.2461377 0.4603914 0.4202403 0.18185 0.183656 0 0 0 0 0 0 0 0 0 0 0 0 0 0 0 0 0 0 0 0 0 0 0 0 4 10980.5813 
sw090b002_10922 5 1.3589398 0.479117 0.4578238 0.198899 0.2231 0 0 0 0 0 0 0 0 0 0 0 0 0 0 0 0 0 0 0 0 0 0 0 0 3 10984.7097 
sw090b002_10922 5 1.245589 0.4501071 0.4233273 0.1762939 0.1958607 0 0 0 0 0 0 0 0 0 0 0 0 0 0 0 0 0 0 0 0 0 0 0 0 4 10984.8083 
sw090b002_10922 5 1.3483144 0.4701988 0.4690021 0.1946354 0.2144781 0 0 0 0 0 0 0 0 0 0 0 0 0 0 0 0 0 0 0 0 0 0 0 0 4 10991.7444 
sw090b002_10922 5 1.3356303 0.4843334 0.451737 0.1962231 0.2033368 0 0 0 0 0 0 0 0 0 0 0 0 0 0 0 0 0 0 0 0 0 0 0 0 4 10995.9931 
sw090b002_10922 5 1.3131416 0.4635833 0.4573917 0.1879916 0.204175 0 0 0 0 0 0 0 0 0 0 0 0 0 0 0 0 0 0 0 0 0 0 0 0 4 11000.3437 
sw090b002_10922 5 1.3160333 0.4781 0.445125 0.2018166 0.1909917 0 0 0 0 0 0 0 0 0 0 0 0 0 0 0 0 0 0 0 0 0 0 0 0 4 11005.2142 
sw090b002_10922 5 1.2840833 0.460825 0.432425 0.1739667 0.2168666 0 0 0 0 0 0 0 0 0 0 0 0 0 0 0 0 0 0 0 0 0 0 0 0 4 11014.8157 
sw090b002_10922 5 1.25815 0.4730083 0.4258584 0.1686416 0.1906417 0 0 0 0 0 0 0 0 0 0 0 0 0 0 0 0 0 0 0 0 0 0 0 0 4 11019.2431 
sw090b002_10922 5 1.275475 0.476575 0.4186416 0.185875 0.1943834 0 0 0 0 0 0 0 0 0 0 0 0 0 0 0 0 0 0 0 0 0 0 0 0 4 11023.315 
sw090b002_10922 5 1.3072583 0.47245 0.4469355 0.1908478 0.197025 0 0 0 0 0 0 0 0 0 0 0 0 0 0 0 0 0 0 0 0 0 0 0 0 4 11027.4656 
sw090b002_10922 5 1.3203833 0.4635833 0.4510833 0.1793417 0.226375 0 0 0 0 0 0 0 0 0 0 0 0 0 0 0 0 0 0 0 0 0 0 0 0 4 11031.4659 
sw090b002_10922 5 1.4210334 0.503825 0.4647834 0.2224 0.230025 0 0 0 0 0 0 0 0 0 0 0 0 0 0 0 0 0 0 0 0 0 0 0 0 3 11041.2988 
sw090b002_10922 5 1.4128584 0.4895167 0.477425 0.2247083 0.2212084 0 0 0 0 0 0 0 0 0 0 0 0 0 0 0 0 0 0 0 0 0 0 0 0 3 11045.8052 
sw090b002_10922 5 1.3827083 0.4708333 0.4515083 0.2227834 0.2375833 0 0 0 0 0 0 0 0 0 0 0 0 0 0 0 0 0 0 0 0 0 0 0 0 3 11049.9332 
sw090b002_10922 5 1.358 0.465375 0.46275 0.2161084 0.2137666 0 0 0 0 0 0 0 0 0 0 0 0 0 0 0 0 0 0 0 0 0 0 0 0 3 11053.853 
sw090b002_10922 5 1.3445583 0.4705583 0.44965 0.2036417 0.2207083 0 0 0 0 0 0 0 0 0 0 0 0 0 0 0 0 0 0 0 0 0 0 0 0 3 11057.9493 
sw090b002_10922 6 1.5580687 0.485421 0.4469144 0.1909083 0.199425 0.2354 0 0 0 0 0 0 0 0 0 0 0 0 0 0 0 0 0 0 0 0 0 0 0 3 11070.9569 
sw090b002_10922 6 1.4430146 0.4800333 0.3873479 0.2063646 0.1665 0.2027688 0 0 0 0 0 0 0 0 0 0 0 0 0 0 0 0 0 0 0 0 0 0 0 3 11077.1175 
