sw090a005_33673 5 0.4684 0.1159834 0.1214416 0.1076084 0.1233666 0 0 0 0 0 0 0 0 0 0 0 0 0 0 0 0 0 0 0 0 0 0 0 0 2 33682.0745 
sw090a005_33673 5 0.3375981 0.0907118 0.1033566 0.081582 0.0619477 0 0 0 0 0 0 0 0 0 0 0 0 0 0 0 0 0 0 0 0 0 0 0 0 1 33686.5487 
sw090a005_33673 5 0.4518785 0.1157057 0.1150775 0.1068177 0.1142776 0 0 0 0 0 0 0 0 0 0 0 0 0 0 0 0 0 0 0 0 0 0 0 0 2 33686.5487 
sw090a005_33673 5 0.4738024 0.1143896 0.1404046 0.1107146 0.1082936 0 0 0 0 0 0 0 0 0 0 0 0 0 0 0 0 0 0 0 0 0 0 0 0 2 33690.5097 
sw090a005_33673 5 0.354152 0.0948203 0.1065374 0.0856808 0.0671135 0 0 0 0 0 0 0 0 0 0 0 0 0 0 0 0 0 0 0 0 0 0 0 0 1 33690.6482 
sw090a005_33673 5 0.3245558 0.0926135 0.1000673 0.0725737 0.0593013 0 0 0 0 0 0 0 0 0 0 0 0 0 0 0 0 0 0 0 0 0 0 0 0 1 33694.5974 
sw090a005_33673 5 0.4571133 0.1203264 0.1227566 0.103634 0.1103963 0 0 0 0 0 0 0 0 0 0 0 0 0 0 0 0 0 0 0 0 0 0 0 0 2 33694.7255 
sw090a005_33673 5 0.4593198 0.1206905 0.1126363 0.1040889 0.1219041 0 0 0 0 0 0 0 0 0 0 0 0 0 0 0 0 0 0 0 0 0 0 0 0 2 33698.7385 
sw090a005_33673 5 0.3271114 0.0878822 0.0939764 0.0783458 0.066907 0 0 0 0 0 0 0 0 0 0 0 0 0 0 0 0 0 0 0 0 0 0 0 0 1 33698.8003 
sw090a005_33673 5 0.4437457 0.1162425 0.1110238 0.1036557 0.1128237 0 0 0 0 0 0 0 0 0 0 0 0 0 0 0 0 0 0 0 0 0 0 0 0 2 33702.3394 
sw090a005_33673 5 0.3358957 0.0971158 0.0946843 0.0773759 0.0667197 0 0 0 0 0 0 0 0 0 0 0 0 0 0 0 0 0 0 0 0 0 0 0 0 1 33702.4057 
sw090a005_33673 5 0.3270657 0.0939119 0.0940579 0.0736396 0.0654563 0 0 0 0 0 0 0 0 0 0 0 0 0 0 0 0 0 0 0 0 0 0 0 0 1 33706.2652 
sw090a005_33673 5 0.4750857 0.1249707 0.1189962 0.1087022 0.1224166 0 0 0 0 0 0 0 0 0 0 0 0 0 0 0 0 0 0 0 0 0 0 0 0 2 33706.363 
sw090a005_33673 5 0.3427528 0.0955772 0.1026523 0.0852697 0.0592536 0 0 0 0 0 0 0 0 0 0 0 0 0 0 0 0 0 0 0 0 0 0 0 0 1 33710.3546 
sw090a005_33673 5 0.4781874 0.1272158 0.1181728 0.1081001 0.1246987 0 0 0 0 0 0 0 0 0 0 0 0 0 0 0 0 0 0 0 0 0 0 0 0 2 33710.4805 
sw090a005_33673 5 0.494275 0.1345417 0.1244167 0.10975 0.1255666 0 0 0 0 0 0 0 0 0 0 0 0 0 0 0 0 0 0 0 0 0 0 0 0 2 33714.2744 
sw090a005_33673 5 0.4965274 0.1349583 0.1213667 0.1109667 0.1292357 0 0 0 0 0 0 0 0 0 0 0 0 0 0 0 0 0 0 0 0 0 0 0 0 2 33717.9761 
sw090a005_33673 5 0.5077582 0.1312153 0.1334716 0.1163393 0.126732 0 0 0 0 0 0 0 0 0 0 0 0 0 0 0 0 0 0 0 0 0 0 0 0 2 33721.7597 
sw090a005_33673 5 0.4942184 0.1290793 0.1274935 0.111938 0.1257076 0 0 0 0 0 0 0 0 0 0 0 0 0 0 0 0 0 0 0 0 0 0 0 0 2 33726.4882 
sw090a005_33673 5 0.494266 0.1265545 0.124423 0.1142173 0.1290712 0 0 0 0 0 0 0 0 0 0 0 0 0 0 0 0 0 0 0 0 0 0 0 0 2 33730.6585 
sw090a005_33673 5 0.4938061 0.1235661 0.1270244 0.1146994 0.1285162 0 0 0 0 0 0 0 0 0 0 0 0 0 0 0 0 0 0 0 0 0 0 0 0 2 33734.3881 
