sw090a002_12388 5 1.295603 0.4618572 0.4300346 0.2009845 0.2027267 0 0 0 0 0 0 0 0 0 0 0 0 0 0 0 0 0 0 0 0 0 0 0 0 4 12393.1832 
sw090a002_12388 5 1.2680306 0.4597309 0.4326131 0.1731475 0.2025391 0 0 0 0 0 0 0 0 0 0 0 0 0 0 0 0 0 0 0 0 0 0 0 0 4 12397.0948 
sw090a002_12388 5 1.2587865 0.4623541 0.4242686 0.1816051 0.1905587 0 0 0 0 0 0 0 0 0 0 0 0 0 0 0 0 0 0 0 0 0 0 0 0 5 12397.1676 
sw090a002_12388 5 1.2890328 0.4607874 0.4389019 0.1832051 0.2061384 0 0 0 0 0 0 0 0 0 0 0 0 0 0 0 0 0 0 0 0 0 0 0 0 4 12400.9479 
sw090a002_12388 5 1.2865319 0.457718 0.4377352 0.1910707 0.200008 0 0 0 0 0 0 0 0 0 0 0 0 0 0 0 0 0 0 0 0 0 0 0 0 5 12404.1724 
sw090a002_12388 5 1.2470617 0.4628302 0.4112886 0.1752428 0.1977001 0 0 0 0 0 0 0 0 0 0 0 0 0 0 0 0 0 0 0 0 0 0 0 0 4 12404.8711 
sw090a002_12388 5 1.3112309 0.4594329 0.4398276 0.203461 0.2085094 0 0 0 0 0 0 0 0 0 0 0 0 0 0 0 0 0 0 0 0 0 0 0 0 5 12408.3582 
sw090a002_12388 5 1.3945753 0.4921203 0.4557923 0.2248577 0.221805 0 0 0 0 0 0 0 0 0 0 0 0 0 0 0 0 0 0 0 0 0 0 0 0 5 12417.288 
sw090a002_12388 5 1.2481087 0.4355377 0.4371798 0.1876664 0.1877248 0 0 0 0 0 0 0 0 0 0 0 0 0 0 0 0 0 0 0 0 0 0 0 0 4 12417.7001 
sw090a002_12388 5 1.4076624 0.4844113 0.4713096 0.2296168 0.2223247 0 0 0 0 0 0 0 0 0 0 0 0 0 0 0 0 0 0 0 0 0 0 0 0 5 12421.804 
sw090a002_12388 5 1.2399987 0.4405482 0.4404746 0.1746934 0.1842824 0 0 0 0 0 0 0 0 0 0 0 0 0 0 0 0 0 0 0 0 0 0 0 0 3 12422.1083 
sw090a002_12388 5 1.3581474 0.4681133 0.455573 0.209672 0.2247891 0 0 0 0 0 0 0 0 0 0 0 0 0 0 0 0 0 0 0 0 0 0 0 0 5 12426.0587 
sw090a002_12388 5 1.2549472 0.4656667 0.4143083 0.1841 0.1908722 0 0 0 0 0 0 0 0 0 0 0 0 0 0 0 0 0 0 0 0 0 0 0 0 3 12426.2187 
sw090a002_12388 5 1.3772575 0.4768966 0.4635669 0.219322 0.217472 0 0 0 0 0 0 0 0 0 0 0 0 0 0 0 0 0 0 0 0 0 0 0 0 5 12430.2041 
sw090a002_12388 5 1.2461958 0.4604584 0.4202643 0.1818272 0.1836459 0 0 0 0 0 0 0 0 0 0 0 0 0 0 0 0 0 0 0 0 0 0 0 0 3 12430.3471 
sw090a002_12388 5 1.3404936 0.4789785 0.4580027 0.2076465 0.1958659 0 0 0 0 0 0 0 0 0 0 0 0 0 0 0 0 0 0 0 0 0 0 0 0 5 12434.4757 
sw090a002_12388 5 1.245625 0.450125 0.42335 0.1762834 0.1958666 0 0 0 0 0 0 0 0 0 0 0 0 0 0 0 0 0 0 0 0 0 0 0 0 3 12434.5705 
sw090a002_12388 5 1.3483252 0.4702477 0.4689858 0.1946405 0.2144512 0 0 0 0 0 0 0 0 0 0 0 0 0 0 0 0 0 0 0 0 0 0 0 0 3 12441.5103 
sw090a002_12388 5 1.335544 0.4843475 0.4517113 0.1961812 0.203304 0 0 0 0 0 0 0 0 0 0 0 0 0 0 0 0 0 0 0 0 0 0 0 0 3 12445.759 
sw090a002_12388 5 1.3131367 0.4636014 0.4573896 0.1879892 0.2041565 0 0 0 0 0 0 0 0 0 0 0 0 0 0 0 0 0 0 0 0 0 0 0 0 3 12450.1093 
sw090a002_12388 5 1.3158587 0.4778733 0.4451474 0.2018266 0.1910114 0 0 0 0 0 0 0 0 0 0 0 0 0 0 0 0 0 0 0 0 0 0 0 0 3 12454.9801 
sw090a002_12388 5 1.2840833 0.4608417 0.4324166 0.1739584 0.2168666 0 0 0 0 0 0 0 0 0 0 0 0 0 0 0 0 0 0 0 0 0 0 0 0 3 12464.5815 
sw090a002_12388 5 1.2581583 0.473025 0.4258583 0.1686333 0.1906417 0 0 0 0 0 0 0 0 0 0 0 0 0 0 0 0 0 0 0 0 0 0 0 0 3 12469.0089 
sw090a002_12388 5 1.2754666 0.476575 0.4186333 0.185875 0.1943833 0 0 0 0 0 0 0 0 0 0 0 0 0 0 0 0 0 0 0 0 0 0 0 0 3 12473.0809 
sw090a002_12388 5 1.3072916 0.4724916 0.4469334 0.1908416 0.197025 0 0 0 0 0 0 0 0 0 0 0 0 0 0 0 0 0 0 0 0 0 0 0 0 3 12477.2314 
sw090a002_12388 5 1.3204667 0.4636083 0.4510834 0.1793583 0.2264167 0 0 0 0 0 0 0 0 0 0 0 0 0 0 0 0 0 0 0 0 0 0 0 0 3 12481.2319 
sw090a002_12388 5 1.420775 0.503625 0.46475 0.2223833 0.2300167 0 0 0 0 0 0 0 0 0 0 0 0 0 0 0 0 0 0 0 0 0 0 0 0 3 12491.0651 
sw090a002_12388 5 1.4129667 0.489525 0.4775 0.2247167 0.221225 0 0 0 0 0 0 0 0 0 0 0 0 0 0 0 0 0 0 0 0 0 0 0 0 3 12495.5714 
sw090a002_12388 5 1.3827167 0.470825 0.451525 0.2227667 0.2376 0 0 0 0 0 0 0 0 0 0 0 0 0 0 0 0 0 0 0 0 0 0 0 0 3 12499.6995 
sw090a002_12388 5 1.3579917 0.4653667 0.4627583 0.2161 0.2137667 0 0 0 0 0 0 0 0 0 0 0 0 0 0 0 0 0 0 0 0 0 0 0 0 3 12503.6194 
sw090a002_12388 5 1.3445334 0.4705667 0.449625 0.2036417 0.2207 0 0 0 0 0 0 0 0 0 0 0 0 0 0 0 0 0 0 0 0 0 0 0 0 3 12507.7156 
sw090a002_12388 6 1.5583583 0.4851083 0.4472083 0.1909084 0.199425 0.2357083 0 0 0 0 0 0 0 0 0 0 0 0 0 0 0 0 0 0 0 0 0 0 0 5 12520.723 
sw090a002_12388 6 1.4367417 0.4796667 0.3876417 0.2063583 0.1664917 0.1965833 0 0 0 0 0 0 0 0 0 0 0 0 0 0 0 0 0 0 0 0 0 0 0 5 12526.8836 
