sw090a001_587 9 0.6383083 0.081025 0.0962333 0.0433834 0.06115 0.0481416 0.0686917 0.082825 0.1568583 0 0 0 0 0 0 0 0 0 0 0 0 0 0 0 0 0 0 0 0 1 609.4861 
sw090a001_587 5 0.5118785 0.1188073 0.1366016 0.128386 0.1280836 0 0 0 0 0 0 0 0 0 0 0 0 0 0 0 0 0 0 0 0 0 0 0 0 2 612.2419 
sw090a001_587 5 0.5067771 0.1253605 0.126075 0.1243166 0.131025 0 0 0 0 0 0 0 0 0 0 0 0 0 0 0 0 0 0 0 0 0 0 0 0 1 612.7989 
sw090a001_587 5 0.4788667 0.11255 0.120025 0.1210827 0.125209 0 0 0 0 0 0 0 0 0 0 0 0 0 0 0 0 0 0 0 0 0 0 0 0 1 615.9376 
sw090a001_587 5 0.4923255 0.1147164 0.1255585 0.1253693 0.1266813 0 0 0 0 0 0 0 0 0 0 0 0 0 0 0 0 0 0 0 0 0 0 0 0 2 616.1882 
sw090a001_587 5 0.5400417 0.1428334 0.1332583 0.1280333 0.1359167 0 0 0 0 0 0 0 0 0 0 0 0 0 0 0 0 0 0 0 0 0 0 0 0 1 620.0985 
sw090a001_587 5 1.0785417 0.37055 0.3665417 0.1715833 0.1698667 0 0 0 0 0 0 0 0 0 0 0 0 0 0 0 0 0 0 0 0 0 0 0 0 1 625.5341 
sw090a001_587 5 1.109975 0.377825 0.3705667 0.1822916 0.1792917 0 0 0 0 0 0 0 0 0 0 0 0 0 0 0 0 0 0 0 0 0 0 0 0 2 628.2929 
sw090a001_587 5 1.1027 0.3864834 0.3655666 0.185125 0.165525 0 0 0 0 0 0 0 0 0 0 0 0 0 0 0 0 0 0 0 0 0 0 0 0 2 632.8122 
sw090a001_587 5 1.2462893 0.427479 0.4136226 0.1957922 0.2093955 0 0 0 0 0 0 0 0 0 0 0 0 0 0 0 0 0 0 0 0 0 0 0 0 2 643.0662 
sw090a001_587 5 1.1786861 0.4294807 0.3969442 0.1736269 0.1786343 0 0 0 0 0 0 0 0 0 0 0 0 0 0 0 0 0 0 0 0 0 0 0 0 1 643.7129 
sw090a001_587 5 1.2820022 0.451359 0.4119722 0.2097342 0.2089368 0 0 0 0 0 0 0 0 0 0 0 0 0 0 0 0 0 0 0 0 0 0 0 0 2 647.9094 
sw090a001_587 5 1.1852458 0.414146 0.4023245 0.187258 0.1815173 0 0 0 0 0 0 0 0 0 0 0 0 0 0 0 0 0 0 0 0 0 0 0 0 1 652.4027 
sw090a001_587 5 1.2620429 0.4237073 0.4307234 0.2051142 0.202498 0 0 0 0 0 0 0 0 0 0 0 0 0 0 0 0 0 0 0 0 0 0 0 0 2 652.4027 
sw090a001_587 5 1.1748703 0.4002011 0.4155606 0.1718483 0.1872603 0 0 0 0 0 0 0 0 0 0 0 0 0 0 0 0 0 0 0 0 0 0 0 0 1 656.8994 
sw090a001_587 5 1.2617728 0.4405068 0.4132319 0.1990224 0.2090117 0 0 0 0 0 0 0 0 0 0 0 0 0 0 0 0 0 0 0 0 0 0 0 0 2 658.5699 
sw090a001_587 5 1.1848333 0.4119167 0.3986833 0.1948667 0.1793666 0 0 0 0 0 0 0 0 0 0 0 0 0 0 0 0 0 0 0 0 0 0 0 0 1 663.0043 
sw090a001_587 5 1.239975 0.4381 0.3901416 0.205 0.2067334 0 0 0 0 0 0 0 0 0 0 0 0 0 0 0 0 0 0 0 0 0 0 0 0 2 664.5366 
sw090a001_587 5 1.1856 0.404771 0.4020145 0.2042843 0.1745302 0 0 0 0 0 0 0 0 0 0 0 0 0 0 0 0 0 0 0 0 0 0 0 0 1 669.1474 
sw090a001_587 5 1.2572158 0.4354626 0.4182316 0.2114893 0.1920323 0 0 0 0 0 0 0 0 0 0 0 0 0 0 0 0 0 0 0 0 0 0 0 0 2 670.1402 
sw090a001_587 5 1.2150417 0.4118083 0.4106334 0.1949333 0.1976667 0 0 0 0 0 0 0 0 0 0 0 0 0 0 0 0 0 0 0 0 0 0 0 0 1 674.6728 
sw090a001_587 5 1.2651083 0.4439417 0.440125 0.1915583 0.1894833 0 0 0 0 0 0 0 0 0 0 0 0 0 0 0 0 0 0 0 0 0 0 0 0 2 682.5989 
sw090a001_587 5 1.2431916 0.4355416 0.415075 0.1934834 0.1990916 0 0 0 0 0 0 0 0 0 0 0 0 0 0 0 0 0 0 0 0 0 0 0 0 2 692.5156 
sw090a001_587 5 0.9390916 0.3197333 0.2917167 0.1610166 0.166625 0 0 0 0 0 0 0 0 0 0 0 0 0 0 0 0 0 0 0 0 0 0 0 0 1 698.2052 
sw090a001_587 5 1.0442583 0.3707583 0.3113584 0.176625 0.1855166 0 0 0 0 0 0 0 0 0 0 0 0 0 0 0 0 0 0 0 0 0 0 0 0 1 702.6617 
sw090a001_587 5 1.174525 0.40625 0.3896917 0.180925 0.1976583 0 0 0 0 0 0 0 0 0 0 0 0 0 0 0 0 0 0 0 0 0 0 0 0 1 707.2983 
sw090a001_587 5 1.2054333 0.4113667 0.4062916 0.1944167 0.1933583 0 0 0 0 0 0 0 0 0 0 0 0 0 0 0 0 0 0 0 0 0 0 0 0 1 711.5262 
sw090a001_587 5 1.24815 0.4336084 0.4118166 0.2079667 0.1947583 0 0 0 0 0 0 0 0 0 0 0 0 0 0 0 0 0 0 0 0 0 0 0 0 1 716.1405 
sw090a001_587 5 1.2559417 0.4192333 0.4256584 0.2066583 0.2043917 0 0 0 0 0 0 0 0 0 0 0 0 0 0 0 0 0 0 0 0 0 0 0 0 1 720.3851 
sw090a001_587 5 1.2301164 0.4380701 0.4255016 0.1779499 0.1885948 0 0 0 0 0 0 0 0 0 0 0 0 0 0 0 0 0 0 0 0 0 0 0 0 2 720.6804 
sw090a001_587 5 1.2924 0.4617667 0.3970916 0.2152917 0.21825 0 0 0 0 0 0 0 0 0 0 0 0 0 0 0 0 0 0 0 0 0 0 0 0 1 724.6055 
sw090a001_587 5 1.2513012 0.4445853 0.4170717 0.1862085 0.2034357 0 0 0 0 0 0 0 0 0 0 0 0 0 0 0 0 0 0 0 0 0 0 0 0 2 725.8553 
sw090a001_587 5 1.315475 0.4389333 0.4302417 0.22405 0.22225 0 0 0 0 0 0 0 0 0 0 0 0 0 0 0 0 0 0 0 0 0 0 0 0 1 729.7659 
sw090a001_587 5 1.3000166 0.454325 0.4171 0.2112666 0.217325 0 0 0 0 0 0 0 0 0 0 0 0 0 0 0 0 0 0 0 0 0 0 0 0 1 734.5293 
sw090a001_587 5 1.2123204 0.4239471 0.3869253 0.2049778 0.1964702 0 0 0 0 0 0 0 0 0 0 0 0 0 0 0 0 0 0 0 0 0 0 0 0 2 735.4542 
sw090a001_587 5 1.2400167 0.4094417 0.4076166 0.2233667 0.1995917 0 0 0 0 0 0 0 0 0 0 0 0 0 0 0 0 0 0 0 0 0 0 0 0 1 739.9088 
