sw090a001_5869 5 0.3268417 0.092279 0.0971539 0.0761221 0.0612867 0 0 0 0 0 0 0 0 0 0 0 0 0 0 0 0 0 0 0 0 0 0 0 0 1 5878.6021 
sw090a001_5869 5 0.4587241 0.1104942 0.1176539 0.1143241 0.1162519 0 0 0 0 0 0 0 0 0 0 0 0 0 0 0 0 0 0 0 0 0 0 0 0 2 5878.7008 
sw090a001_5869 5 0.3342909 0.0914659 0.102875 0.0790583 0.0608917 0 0 0 0 0 0 0 0 0 0 0 0 0 0 0 0 0 0 0 0 0 0 0 0 1 5883.3871 
sw090a001_5869 5 0.4583843 0.1146281 0.1177578 0.1080755 0.1179229 0 0 0 0 0 0 0 0 0 0 0 0 0 0 0 0 0 0 0 0 0 0 0 0 2 5883.4281 
sw090a001_5869 5 0.3284584 0.0954 0.09755 0.0746917 0.0608167 0 0 0 0 0 0 0 0 0 0 0 0 0 0 0 0 0 0 0 0 0 0 0 0 1 5887.6821 
sw090a001_5869 5 0.4685075 0.1258811 0.1177663 0.1089676 0.1158925 0 0 0 0 0 0 0 0 0 0 0 0 0 0 0 0 0 0 0 0 0 0 0 0 2 5887.875 
sw090a001_5869 5 0.3225417 0.0947667 0.0984916 0.0740167 0.0552667 0 0 0 0 0 0 0 0 0 0 0 0 0 0 0 0 0 0 0 0 0 0 0 0 1 5892.0869 
sw090a001_5869 5 0.4807583 0.1161833 0.1240917 0.112425 0.1280583 0 0 0 0 0 0 0 0 0 0 0 0 0 0 0 0 0 0 0 0 0 0 0 0 2 5892.7633 
sw090a001_5869 5 0.31745 0.0905417 0.1007083 0.06945 0.05675 0 0 0 0 0 0 0 0 0 0 0 0 0 0 0 0 0 0 0 0 0 0 0 0 1 5897.0494 
sw090a001_5869 1 0 0 0 0 0 0 0 0 0 0 0 0 0 0 0 0 0 0 0 0 0 0 0 0 0 0 0 0 0 4 5897.5138 
sw090a001_5869 5 0.311925 0.0880083 0.0920584 0.0667666 0.0650917 0 0 0 0 0 0 0 0 0 0 0 0 0 0 0 0 0 0 0 0 0 0 0 0 1 5902.2603 
sw090a001_5869 5 0.3121417 0.0876167 0.0994083 0.068575 0.0565417 0 0 0 0 0 0 0 0 0 0 0 0 0 0 0 0 0 0 0 0 0 0 0 0 1 5907.6271 
sw090a001_5869 5 0.3214333 0.086225 0.0968833 0.0764334 0.0618916 0 0 0 0 0 0 0 0 0 0 0 0 0 0 0 0 0 0 0 0 0 0 0 0 1 5912.7865 
