sw097a001_480 5 0.3159333 0.08655 0.0944667 0.0703833 0.0645333 0 0 0 0 0 0 0 0 0 0 0 0 0 0 0 0 0 0 0 0 0 0 0 0 2 486.4299 
sw097a001_480 5 0.3307417 0.1034333 0.087 0.075175 0.0651334 0 0 0 0 0 0 0 0 0 0 0 0 0 0 0 0 0 0 0 0 0 0 0 0 1 490.0265 
sw097a001_480 5 0.32075 0.0863667 0.0939833 0.0742083 0.0661917 0 0 0 0 0 0 0 0 0 0 0 0 0 0 0 0 0 0 0 0 0 0 0 0 2 490.8323 
sw097a001_480 5 0.3267833 0.0923333 0.0877417 0.0787583 0.06795 0 0 0 0 0 0 0 0 0 0 0 0 0 0 0 0 0 0 0 0 0 0 0 0 1 494.7035 
sw097a001_480 5 0.3220646 0.0850601 0.0894428 0.0768392 0.0707225 0 0 0 0 0 0 0 0 0 0 0 0 0 0 0 0 0 0 0 0 0 0 0 0 2 495.0989 
sw097a001_480 5 0.3266667 0.1006833 0.0870167 0.0736 0.0653667 0 0 0 0 0 0 0 0 0 0 0 0 0 0 0 0 0 0 0 0 0 0 0 0 1 499.1327 
sw097a001_480 5 0.31385 0.0882954 0.0853345 0.0717712 0.0684489 0 0 0 0 0 0 0 0 0 0 0 0 0 0 0 0 0 0 0 0 0 0 0 0 2 499.4195 
sw097a001_480 5 0.3254917 0.0905334 0.0861083 0.0792667 0.0695833 0 0 0 0 0 0 0 0 0 0 0 0 0 0 0 0 0 0 0 0 0 0 0 0 1 503.3126 
sw097a001_480 5 0.327401 0.0955618 0.0855441 0.0739937 0.0723014 0 0 0 0 0 0 0 0 0 0 0 0 0 0 0 0 0 0 0 0 0 0 0 0 2 503.5685 
sw097a001_480 5 0.3055573 0.0847886 0.0891164 0.0745256 0.057122 0 0 0 0 0 0 0 0 0 0 0 0 0 0 0 0 0 0 0 0 0 0 0 0 2 507.4621 
sw097a001_480 5 0.3180584 0.0893667 0.08865 0.0741167 0.065925 0 0 0 0 0 0 0 0 0 0 0 0 0 0 0 0 0 0 0 0 0 0 0 0 1 507.5125 
sw097a001_480 5 0.3215132 0.0850293 0.0875669 0.0747856 0.0741314 0 0 0 0 0 0 0 0 0 0 0 0 0 0 0 0 0 0 0 0 0 0 0 0 2 510.2807 
sw097a001_480 6 0.4363334 0.0764834 0.0887916 0.0809 0.079525 0.1106334 0 0 0 0 0 0 0 0 0 0 0 0 0 0 0 0 0 0 0 0 0 0 0 1 510.3331 
