sw091a002_14558 14 0.686 0.0333083 0.056975 0.0541667 0.0515083 0.047875 0.0469667 0.0458916 0.0475917 0.0468667 0.0474 0.0502583 0.060725 0.0964667 0 0 0 0 0 0 0 0 0 0 0 0 0 0 0 1 14572.9624 
sw091a002_14558 12 0.564 0.042075 0.0580667 0.0565833 0.0536417 0.0505 0.0457333 0.0427334 0.0465833 0.0526667 0.0535166 0.0619 0 0 0 0 0 0 0 0 0 0 0 0 0 0 0 0 0 1 14575.7433 
sw091a002_14558 14 0.6138585 0.0483345 0.0555091 0.0544545 0.0486635 0.0452415 0.0508099 0.0430604 0.0446546 0.0510688 0.026983 0.0311026 0.0451435 0.0688326 0 0 0 0 0 0 0 0 0 0 0 0 0 0 0 2 14577.3279 
sw091a002_14558 15 0.67665 0.0377167 0.0508083 0.0508583 0.0453043 0.0426207 0.0412923 0.0423244 0.0439167 0.0445333 0.0462167 0.0484916 0.05345 0.0610334 0.0680833 0 0 0 0 0 0 0 0 0 0 0 0 0 0 1 14577.5423 
sw091a002_14558 5 0.9549659 0.3053416 0.3101442 0.1792354 0.1602447 0 0 0 0 0 0 0 0 0 0 0 0 0 0 0 0 0 0 0 0 0 0 0 0 2 14579.9648 
sw091a002_14558 15 0.667 0.042575 0.0557334 0.046825 0.04375 0.0406916 0.0393917 0.0404833 0.0422667 0.042225 0.043825 0.045825 0.049425 0.0586417 0.0753416 0 0 0 0 0 0 0 0 0 0 0 0 0 0 1 14580.0813 
sw091a002_14558 5 1.0367666 0.3502845 0.3274488 0.1618667 0.1971666 0 0 0 0 0 0 0 0 0 0 0 0 0 0 0 0 0 0 0 0 0 0 0 0 1 14585.6391 
sw091a002_14558 15 0.7003622 0.0309799 0.0929096 0.0479796 0.0435325 0.0476631 0.0432242 0.0464546 0.0375104 0.0413381 0.0406218 0.0474628 0.0216136 0.0349716 0.1241004 0 0 0 0 0 0 0 0 0 0 0 0 0 0 2 14585.6641 
sw091a002_14558 5 1.010813 0.3434 0.316825 0.1782666 0.1723214 0 0 0 0 0 0 0 0 0 0 0 0 0 0 0 0 0 0 0 0 0 0 0 0 1 14588.9961 
sw091a002_14558 5 0.9642988 0.3074702 0.316821 0.1782644 0.1617432 0 0 0 0 0 0 0 0 0 0 0 0 0 0 0 0 0 0 0 0 0 0 0 0 2 14589.032 
sw091a002_14558 5 0.9998 0.3273083 0.33395 0.1932167 0.145325 0 0 0 0 0 0 0 0 0 0 0 0 0 0 0 0 0 0 0 0 0 0 0 0 1 14592.6846 
sw091a002_14558 20 1.096875 0.0397667 0.0418 0.0474416 0.0459584 0.043275 0.0426416 0.04235 0.0430667 0.0426833 0.0435834 0.0437083 0.0445083 0.04505 0.04695 0.05065 0.06355 0.0812334 0.1026483 0.18601 0 0 0 0 0 0 0 0 0 2 14596.4364 
sw091a002_14558 5 0.9815167 0.3254322 0.3077345 0.1809666 0.1673834 0 0 0 0 0 0 0 0 0 0 0 0 0 0 0 0 0 0 0 0 0 0 0 0 1 14597.028 
sw091a002_14558 19 0.9715166 0.0375666 0.0391584 0.0476166 0.045625 0.0423334 0.0413083 0.0408583 0.039875 0.0398084 0.040275 0.040475 0.0421 0.0441 0.04925 0.0584916 0.0727167 0.095525 0.1544333 0 0 0 0 0 0 0 0 0 0 2 14601.022 
sw091a002_14558 5 0.982525 0.3259917 0.313225 0.171675 0.1716333 0 0 0 0 0 0 0 0 0 0 0 0 0 0 0 0 0 0 0 0 0 0 0 0 1 14601.4891 
sw091a002_14558 5 1.0074667 0.33735 0.3201417 0.1807417 0.1692333 0 0 0 0 0 0 0 0 0 0 0 0 0 0 0 0 0 0 0 0 0 0 0 0 1 14605.5595 
sw091a002_14558 21 1.1680917 0.0396 0.0396084 0.0465666 0.0487 0.0445584 0.044428 0.0442803 0.0449271 0.0430899 0.0436258 0.0442533 0.0456925 0.042553 0.0489001 0.05445 0.0646333 0.0721583 0.0838167 0.1057083 0.1665417 0 0 0 0 0 0 0 0 2 14611.7157 
sw091a002_14558 5 0.9837834 0.3089084 0.33775 0.1721916 0.1649334 0 0 0 0 0 0 0 0 0 0 0 0 0 0 0 0 0 0 0 0 0 0 0 0 1 14612.645 
sw091a002_14558 23 1.3107833 0.0380833 0.0356834 0.0451583 0.0502583 0.0455084 0.0432833 0.042925 0.043625 0.041875 0.0426667 0.0425833 0.042775 0.0430583 0.0437 0.04485 0.0487084 0.0502 0.0660666 0.0839834 0.0974416 0.1749334 0.1434166 0 0 0 0 0 0 2 14617.2795 
sw091a002_14558 5 0.9720084 0.3133834 0.312075 0.1858583 0.1606917 0 0 0 0 0 0 0 0 0 0 0 0 0 0 0 0 0 0 0 0 0 0 0 0 1 14618.256 
