sw090b001_3269 21 1.2597 0.0414083 0.1112333 0.037375 0.0377417 0.0424833 0.0441334 0.0444666 0.0444417 0.0459667 0.0473083 0.0476667 0.051 0.055325 0.0605916 0.0642167 0.0702083 0.0766417 0.0908333 0.106625 0.1400334 0 0 0 0 0 0 0 0 2 3282.1136 
sw090b001_3269 22 1.3051 0.0419334 0.0851583 0.03545 0.0351417 0.0357666 0.0384834 0.0438666 0.0420291 0.0535459 0.0472917 0.0460083 0.0462834 0.0482333 0.0524667 0.0560916 0.0627417 0.0654917 0.0708166 0.0879667 0.1140333 0.1963 0 0 0 0 0 0 0 3 3285.7365 
sw090b001_3269 9 0.7375 0.0745083 0.1075333 0.10145 0.0914084 0.0842083 0.0795333 0.0879667 0.1108917 0 0 0 0 0 0 0 0 0 0 0 0 0 0 0 0 0 0 0 0 2 3286.0944 
sw090b001_3269 5 1.1507799 0.3608027 0.3851914 0.220562 0.1842238 0 0 0 0 0 0 0 0 0 0 0 0 0 0 0 0 0 0 0 0 0 0 0 0 2 3290.3994 
sw090b001_3269 5 1.0008622 0.3163917 0.319125 0.1955917 0.1697538 0 0 0 0 0 0 0 0 0 0 0 0 0 0 0 0 0 0 0 0 0 0 0 0 1 3290.5348 
sw090b001_3269 5 0.9700084 0.3277334 0.2945583 0.1849083 0.1628084 0 0 0 0 0 0 0 0 0 0 0 0 0 0 0 0 0 0 0 0 0 0 0 0 1 3294.5631 
sw090b001_3269 5 1.0940417 0.3528667 0.3819083 0.1901 0.1691667 0 0 0 0 0 0 0 0 0 0 0 0 0 0 0 0 0 0 0 0 0 0 0 0 2 3298.0123 
sw090b001_3269 5 0.984825 0.3150333 0.31405 0.1882167 0.167525 0 0 0 0 0 0 0 0 0 0 0 0 0 0 0 0 0 0 0 0 0 0 0 0 1 3298.2123 
sw090b001_3269 5 0.959975 0.3011 0.3009917 0.1925083 0.165375 0 0 0 0 0 0 0 0 0 0 0 0 0 0 0 0 0 0 0 0 0 0 0 0 1 3301.6883 
sw090b001_3269 5 1.055675 0.3369 0.355975 0.1884666 0.1743334 0 0 0 0 0 0 0 0 0 0 0 0 0 0 0 0 0 0 0 0 0 0 0 0 2 3301.837 
sw090b001_3269 5 0.9453416 0.3026083 0.2909833 0.18815 0.1636 0 0 0 0 0 0 0 0 0 0 0 0 0 0 0 0 0 0 0 0 0 0 0 0 1 3305.9415 
sw090b001_3269 18 1.2616667 0.0405167 0.1179917 0.03875 0.0411166 0.0471667 0.053575 0.0541417 0.0523333 0.0535167 0.0538916 0.0559084 0.0621333 0.0752917 0.089725 0.1184 0.132225 0.1749833 0 0 0 0 0 0 0 0 0 0 0 2 3309.4894 
sw090b001_3269 5 0.9859584 0.31655 0.3070084 0.1953833 0.1670167 0 0 0 0 0 0 0 0 0 0 0 0 0 0 0 0 0 0 0 0 0 0 0 0 1 3309.7934 
sw090b001_3269 5 0.9604083 0.3127667 0.2923666 0.1850917 0.1701833 0 0 0 0 0 0 0 0 0 0 0 0 0 0 0 0 0 0 0 0 0 0 0 0 1 3314.1867 
sw090b001_3269 5 0.983475 0.3213583 0.3094 0.18715 0.1655667 0 0 0 0 0 0 0 0 0 0 0 0 0 0 0 0 0 0 0 0 0 0 0 0 1 3319.571 
sw090b001_3269 20 1.0816416 0.034 0.037825 0.0444333 0.0434583 0.0456917 0.0449333 0.0470917 0.044875 0.0456083 0.04635 0.044975 0.0443834 0.04735 0.0513166 0.0583 0.068125 0.0857 0.1082834 0.1389416 0 0 0 0 0 0 0 0 0 2 3322.8857 
sw090b001_3269 5 0.9423083 0.311325 0.295025 0.1762833 0.159675 0 0 0 0 0 0 0 0 0 0 0 0 0 0 0 0 0 0 0 0 0 0 0 0 1 3323.9917 
sw090b001_3269 5 0.9687667 0.3111083 0.3022408 0.1929259 0.1624917 0 0 0 0 0 0 0 0 0 0 0 0 0 0 0 0 0 0 0 0 0 0 0 0 1 3328.0288 
sw090b001_3269 21 1.297875 0.0394917 0.039575 0.0527417 0.0474416 0.0468084 0.0428664 0.0440419 0.042125 0.0415 0.040975 0.0407833 0.041025 0.0423759 0.0460575 0.0530416 0.05985 0.067325 0.0848084 0.135875 0.2891666 0 0 0 0 0 0 0 0 2 3328.0709 
sw090b001_3269 5 0.9861666 0.3229333 0.3032333 0.1954417 0.1645583 0 0 0 0 0 0 0 0 0 0 0 0 0 0 0 0 0 0 0 0 0 0 0 0 2 3332.0778 
sw090b001_3269 5 1.08825 0.3645917 0.3650083 0.1735167 0.1851333 0 0 0 0 0 0 0 0 0 0 0 0 0 0 0 0 0 0 0 0 0 0 0 0 1 3336.9243 
sw090b001_3269 5 1.008925 0.3333416 0.320625 0.1914917 0.1634667 0 0 0 0 0 0 0 0 0 0 0 0 0 0 0 0 0 0 0 0 0 0 0 0 2 3340.1864 
sw090b001_3269 5 1.154405 0.4100762 0.3652144 0.1820626 0.1970518 0 0 0 0 0 0 0 0 0 0 0 0 0 0 0 0 0 0 0 0 0 0 0 0 1 3345.372 
sw090b001_3269 5 0.9881334 0.334675 0.3004084 0.1870416 0.1660084 0 0 0 0 0 0 0 0 0 0 0 0 0 0 0 0 0 0 0 0 0 0 0 0 2 3345.6412 
sw090b001_3269 5 1.1855 0.3844083 0.4066084 0.184675 0.2098083 0 0 0 0 0 0 0 0 0 0 0 0 0 0 0 0 0 0 0 0 0 0 0 0 1 3351.3751 
sw090b001_3269 5 1.0496333 0.3548917 0.3155916 0.2021417 0.1770083 0 0 0 0 0 0 0 0 0 0 0 0 0 0 0 0 0 0 0 0 0 0 0 0 2 3354.3586 
sw090b001_3269 7 1.1312416 0.2595666 0.222025 0.134375 0.137375 0.1623 0.2156 0 0 0 0 0 0 0 0 0 0 0 0 0 0 0 0 0 0 0 0 0 0 2 3358.899 
