sw090b005_31535 5 1.2212396 0.4349133 0.4011895 0.1865726 0.1985642 0 0 0 0 0 0 0 0 0 0 0 0 0 0 0 0 0 0 0 0 0 0 0 0 2 31541.5984 
sw090b005_31535 5 1.2623905 0.4469093 0.4388177 0.18507 0.1915935 0 0 0 0 0 0 0 0 0 0 0 0 0 0 0 0 0 0 0 0 0 0 0 0 3 31544.9276 
sw090b005_31535 5 1.2317571 0.4581244 0.4045625 0.1791133 0.1899569 0 0 0 0 0 0 0 0 0 0 0 0 0 0 0 0 0 0 0 0 0 0 0 0 2 31545.3273 
sw090b005_31535 5 1.3139916 0.458875 0.4448166 0.1968334 0.2134666 0 0 0 0 0 0 0 0 0 0 0 0 0 0 0 0 0 0 0 0 0 0 0 0 3 31548.728 
sw090b005_31535 5 1.3681584 0.4658084 0.4788166 0.2004667 0.2230667 0 0 0 0 0 0 0 0 0 0 0 0 0 0 0 0 0 0 0 0 0 0 0 0 3 31552.8257 
sw090b005_31535 5 1.2975918 0.4607851 0.4466528 0.1811905 0.2089634 0 0 0 0 0 0 0 0 0 0 0 0 0 0 0 0 0 0 0 0 0 0 0 0 2 31555.1157 
sw090b005_31535 5 1.3596298 0.4741992 0.4473179 0.2153929 0.2227198 0 0 0 0 0 0 0 0 0 0 0 0 0 0 0 0 0 0 0 0 0 0 0 0 2 31564.533 
sw090b005_31535 5 1.2623586 0.4662123 0.4206824 0.1908266 0.1846373 0 0 0 0 0 0 0 0 0 0 0 0 0 0 0 0 0 0 0 0 0 0 0 0 3 31568.3792 
sw090b005_31535 5 1.3303398 0.4718881 0.4386083 0.2052714 0.214572 0 0 0 0 0 0 0 0 0 0 0 0 0 0 0 0 0 0 0 0 0 0 0 0 2 31568.4986 
sw090b005_31535 5 1.3137905 0.4618194 0.4261682 0.214285 0.2115179 0 0 0 0 0 0 0 0 0 0 0 0 0 0 0 0 0 0 0 0 0 0 0 0 2 31572.2797 
sw090b005_31535 5 1.2704857 0.4361445 0.4424522 0.2036917 0.1881973 0 0 0 0 0 0 0 0 0 0 0 0 0 0 0 0 0 0 0 0 0 0 0 0 3 31576.0336 
sw090b005_31535 5 1.2797945 0.4603062 0.4301326 0.189007 0.2003487 0 0 0 0 0 0 0 0 0 0 0 0 0 0 0 0 0 0 0 0 0 0 0 0 2 31576.2578 
sw090b005_31535 5 1.2810663 0.4813065 0.4374458 0.17525 0.187064 0 0 0 0 0 0 0 0 0 0 0 0 0 0 0 0 0 0 0 0 0 0 0 0 3 31580.1949 
sw090b005_31535 5 1.2745849 0.4576765 0.4244619 0.1888262 0.2036203 0 0 0 0 0 0 0 0 0 0 0 0 0 0 0 0 0 0 0 0 0 0 0 0 2 31580.3288 
sw090b005_31535 5 1.3039833 0.469825 0.423875 0.1988917 0.2113916 0 0 0 0 0 0 0 0 0 0 0 0 0 0 0 0 0 0 0 0 0 0 0 0 2 31584.3847 
sw090b005_31535 5 1.2867487 0.4627154 0.4255167 0.18975 0.2087666 0 0 0 0 0 0 0 0 0 0 0 0 0 0 0 0 0 0 0 0 0 0 0 0 2 31588.0751 
sw090b005_31535 5 1.27815 0.4478333 0.4479382 0.1866285 0.19575 0 0 0 0 0 0 0 0 0 0 0 0 0 0 0 0 0 0 0 0 0 0 0 0 2 31592.844 
sw090b005_31535 5 1.2669667 0.4617333 0.4080584 0.1956583 0.2015167 0 0 0 0 0 0 0 0 0 0 0 0 0 0 0 0 0 0 0 0 0 0 0 0 2 31597.2505 
sw090b005_31535 5 1.2680083 0.468175 0.4114333 0.1846667 0.2037333 0 0 0 0 0 0 0 0 0 0 0 0 0 0 0 0 0 0 0 0 0 0 0 0 2 31603.0916 
sw090b005_31535 5 1.2707583 0.4809416 0.4075084 0.1811083 0.2012 0 0 0 0 0 0 0 0 0 0 0 0 0 0 0 0 0 0 0 0 0 0 0 0 2 31608.7045 
