sw091b002_13101 5 0.3810917 0.1133917 0.0996833 0.0773083 0.0907084 0 0 0 0 0 0 0 0 0 0 0 0 0 0 0 0 0 0 0 0 0 0 0 0 2 13112.3793 
sw091b002_13101 5 0.3693 0.1105 0.096775 0.0760084 0.0860166 0 0 0 0 0 0 0 0 0 0 0 0 0 0 0 0 0 0 0 0 0 0 0 0 2 13116.6745 
sw091b002_13101 5 0.307175 0.0776333 0.086525 0.0733667 0.06965 0 0 0 0 0 0 0 0 0 0 0 0 0 0 0 0 0 0 0 0 0 0 0 0 1 13118.0015 
sw091b002_13101 5 0.3340833 0.097775 0.090925 0.080975 0.0644083 0 0 0 0 0 0 0 0 0 0 0 0 0 0 0 0 0 0 0 0 0 0 0 0 2 13121.2576 
sw091b002_13101 5 0.3053 0.0770167 0.0838083 0.073025 0.07145 0 0 0 0 0 0 0 0 0 0 0 0 0 0 0 0 0 0 0 0 0 0 0 0 1 13122.0391 
sw091b002_13101 5 0.33675 0.11155 0.0869166 0.066925 0.0713584 0 0 0 0 0 0 0 0 0 0 0 0 0 0 0 0 0 0 0 0 0 0 0 0 2 13125.5787 
sw091b002_13101 5 0.3226917 0.0827833 0.0861417 0.0796917 0.074075 0 0 0 0 0 0 0 0 0 0 0 0 0 0 0 0 0 0 0 0 0 0 0 0 1 13126.1299 
sw091b002_13101 5 0.3713333 0.1141166 0.0965334 0.0798833 0.0808 0 0 0 0 0 0 0 0 0 0 0 0 0 0 0 0 0 0 0 0 0 0 0 0 2 13129.6936 
sw091b002_13101 5 0.3200334 0.088375 0.0828584 0.0757166 0.0730834 0 0 0 0 0 0 0 0 0 0 0 0 0 0 0 0 0 0 0 0 0 0 0 0 1 13130.3621 
sw091b002_13101 5 0.3347982 0.1000912 0.0885124 0.0763955 0.0697991 0 0 0 0 0 0 0 0 0 0 0 0 0 0 0 0 0 0 0 0 0 0 0 0 2 13134.7368 
sw091b002_13101 5 0.3170917 0.087375 0.0830334 0.0729583 0.073725 0 0 0 0 0 0 0 0 0 0 0 0 0 0 0 0 0 0 0 0 0 0 0 0 1 13134.764 
