sw090a002_13069 5 1.300823 0.4516984 0.4258508 0.217173 0.2061008 0 0 0 0 0 0 0 0 0 0 0 0 0 0 0 0 0 0 0 0 0 0 0 0 2 13079.0865 
sw090a002_13069 5 1.3265118 0.456218 0.4465552 0.2119657 0.2117729 0 0 0 0 0 0 0 0 0 0 0 0 0 0 0 0 0 0 0 0 0 0 0 0 2 13083.6195 
sw090a002_13069 5 1.1831167 0.4440833 0.40345 0.1636084 0.171975 0 0 0 0 0 0 0 0 0 0 0 0 0 0 0 0 0 0 0 0 0 0 0 0 1 13084.2902 
sw090a002_13069 5 1.2610666 0.4412333 0.4228417 0.1987916 0.1982 0 0 0 0 0 0 0 0 0 0 0 0 0 0 0 0 0 0 0 0 0 0 0 0 1 13089.0842 
sw090a002_13069 5 1.2505333 0.44455 0.4000333 0.2033667 0.2025833 0 0 0 0 0 0 0 0 0 0 0 0 0 0 0 0 0 0 0 0 0 0 0 0 1 13093.9534 
sw090a002_13069 5 1.2901084 0.444875 0.4311917 0.1997583 0.2142834 0 0 0 0 0 0 0 0 0 0 0 0 0 0 0 0 0 0 0 0 0 0 0 0 1 13099.6283 
sw090a002_13069 5 1.343025 0.4739167 0.4514333 0.2020584 0.2156166 0 0 0 0 0 0 0 0 0 0 0 0 0 0 0 0 0 0 0 0 0 0 0 0 1 13109.2123 
sw090a002_13069 5 1.3436011 0.4724511 0.444375 0.2126083 0.2141667 0 0 0 0 0 0 0 0 0 0 0 0 0 0 0 0 0 0 0 0 0 0 0 0 1 13114.6912 
sw090a002_13069 5 1.3557084 0.4672417 0.4593 0.2048 0.2243667 0 0 0 0 0 0 0 0 0 0 0 0 0 0 0 0 0 0 0 0 0 0 0 0 1 13119.025 
sw090a002_13069 5 1.361975 0.4548666 0.45395 0.2331917 0.2199667 0 0 0 0 0 0 0 0 0 0 0 0 0 0 0 0 0 0 0 0 0 0 0 0 1 13124.021 
sw090a002_13069 5 1.3916417 0.4699834 0.46115 0.2249666 0.2355417 0 0 0 0 0 0 0 0 0 0 0 0 0 0 0 0 0 0 0 0 0 0 0 0 1 13129.088 
