sw091b002_13142 6 0.4914449 0.1104166 0.0974084 0.0837621 0.0687045 0.1311533 0 0 0 0 0 0 0 0 0 0 0 0 0 0 0 0 0 0 0 0 0 0 0 2 13148.1558 
sw091b002_13142 5 0.3210746 0.0974263 0.0814973 0.0763658 0.0657852 0 0 0 0 0 0 0 0 0 0 0 0 0 0 0 0 0 0 0 0 0 0 0 0 2 13153.8529 
sw091b002_13142 5 0.3271334 0.0856417 0.088225 0.0770833 0.0761834 0 0 0 0 0 0 0 0 0 0 0 0 0 0 0 0 0 0 0 0 0 0 0 0 1 13153.9804 
sw091b002_13142 5 0.3234095 0.1008914 0.0826787 0.0739151 0.0659243 0 0 0 0 0 0 0 0 0 0 0 0 0 0 0 0 0 0 0 0 0 0 0 0 2 13158.73 
sw091b002_13142 5 0.3275461 0.0832378 0.090726 0.0783994 0.0751829 0 0 0 0 0 0 0 0 0 0 0 0 0 0 0 0 0 0 0 0 0 0 0 0 1 13158.8135 
sw091b002_13142 5 0.3182084 0.0778167 0.0913583 0.0759417 0.0730917 0 0 0 0 0 0 0 0 0 0 0 0 0 0 0 0 0 0 0 0 0 0 0 0 1 13162.8664 
sw091b002_13142 5 0.3237616 0.0950136 0.084968 0.076102 0.067678 0 0 0 0 0 0 0 0 0 0 0 0 0 0 0 0 0 0 0 0 0 0 0 0 2 13166.7178 
sw091b002_13142 5 0.3223 0.0805917 0.0911416 0.07715 0.0734167 0 0 0 0 0 0 0 0 0 0 0 0 0 0 0 0 0 0 0 0 0 0 0 0 1 13166.7782 
sw091b002_13142 5 0.3196417 0.0691834 0.098175 0.07775 0.0745333 0 0 0 0 0 0 0 0 0 0 0 0 0 0 0 0 0 0 0 0 0 0 0 0 1 13170.4392 
sw091b002_13142 5 0.31025 0.086525 0.08365 0.0748833 0.0651917 0 0 0 0 0 0 0 0 0 0 0 0 0 0 0 0 0 0 0 0 0 0 0 0 2 13170.8784 
sw091b002_13142 5 0.3242667 0.0773167 0.0920333 0.07985 0.0750667 0 0 0 0 0 0 0 0 0 0 0 0 0 0 0 0 0 0 0 0 0 0 0 0 1 13174.4067 
sw091b002_13142 5 0.308025 0.0826167 0.0840667 0.0743333 0.0670083 0 0 0 0 0 0 0 0 0 0 0 0 0 0 0 0 0 0 0 0 0 0 0 0 2 13175.0889 
sw091b002_13142 5 0.3145833 0.0807167 0.08835 0.0745083 0.0710083 0 0 0 0 0 0 0 0 0 0 0 0 0 0 0 0 0 0 0 0 0 0 0 0 1 13178.8011 
sw091b002_13142 5 0.3117667 0.08675 0.085475 0.0728167 0.066725 0 0 0 0 0 0 0 0 0 0 0 0 0 0 0 0 0 0 0 0 0 0 0 0 2 13179.3693 
sw091b002_13142 5 0.329275 0.0787834 0.097125 0.079525 0.0738416 0 0 0 0 0 0 0 0 0 0 0 0 0 0 0 0 0 0 0 0 0 0 0 0 1 13183.3012 
sw091b002_13142 5 0.3026167 0.087925 0.0794167 0.0684583 0.0668167 0 0 0 0 0 0 0 0 0 0 0 0 0 0 0 0 0 0 0 0 0 0 0 0 2 13183.9006 
sw091b002_13142 5 0.33005 0.0874334 0.0935916 0.07655 0.072475 0 0 0 0 0 0 0 0 0 0 0 0 0 0 0 0 0 0 0 0 0 0 0 0 1 13187.9774 
sw091b002_13142 5 0.3068 0.08705 0.080425 0.071225 0.0681 0 0 0 0 0 0 0 0 0 0 0 0 0 0 0 0 0 0 0 0 0 0 0 0 2 13188.5436 
sw091b002_13142 5 0.334525 0.0869417 0.0953666 0.0777584 0.0744583 0 0 0 0 0 0 0 0 0 0 0 0 0 0 0 0 0 0 0 0 0 0 0 0 1 13192.6115 
sw091b002_13142 5 0.309425 0.0833333 0.0869833 0.0728917 0.0662167 0 0 0 0 0 0 0 0 0 0 0 0 0 0 0 0 0 0 0 0 0 0 0 0 2 13193.3022 
sw091b002_13142 5 0.3340666 0.0841 0.09925 0.079125 0.0715916 0 0 0 0 0 0 0 0 0 0 0 0 0 0 0 0 0 0 0 0 0 0 0 0 1 13197.0417 
sw091b002_13142 5 0.312675 0.08765 0.0864 0.0725333 0.0660917 0 0 0 0 0 0 0 0 0 0 0 0 0 0 0 0 0 0 0 0 0 0 0 0 2 13198.0105 
