sw090b005_32219 5 0.468125 0.1133417 0.12145 0.1067417 0.1265916 0 0 0 0 0 0 0 0 0 0 0 0 0 0 0 0 0 0 0 0 0 0 0 0 2 32232.4318 
sw090b005_32219 5 0.3375331 0.0906918 0.1033477 0.081568 0.0619256 0 0 0 0 0 0 0 0 0 0 0 0 0 0 0 0 0 0 0 0 0 0 0 0 3 32236.9026 
sw090b005_32219 4 0.3352458 0.1174426 0.1036471 0.1141561 0 0 0 0 0 0 0 0 0 0 0 0 0 0 0 0 0 0 0 0 0 0 0 0 0 2 32237.0191 
sw090b005_32219 5 0.4736941 0.114339 0.1436163 0.1074691 0.1082697 0 0 0 0 0 0 0 0 0 0 0 0 0 0 0 0 0 0 0 0 0 0 0 0 2 32240.8636 
sw090b005_32219 5 0.3541071 0.0947967 0.106561 0.0856542 0.0670952 0 0 0 0 0 0 0 0 0 0 0 0 0 0 0 0 0 0 0 0 0 0 0 0 3 32241.0021 
sw090b005_32219 5 0.3245182 0.092609 0.0998869 0.0727283 0.059294 0 0 0 0 0 0 0 0 0 0 0 0 0 0 0 0 0 0 0 0 0 0 0 0 3 32244.9513 
sw090b005_32219 5 0.4570912 0.1235645 0.1195252 0.1036151 0.1103864 0 0 0 0 0 0 0 0 0 0 0 0 0 0 0 0 0 0 0 0 0 0 0 0 2 32245.0792 
sw090b005_32219 5 0.459286 0.120674 0.1130898 0.1036335 0.1218887 0 0 0 0 0 0 0 0 0 0 0 0 0 0 0 0 0 0 0 0 0 0 0 0 2 32249.0923 
sw090b005_32219 5 0.3270246 0.0878156 0.0939622 0.0783458 0.066901 0 0 0 0 0 0 0 0 0 0 0 0 0 0 0 0 0 0 0 0 0 0 0 0 3 32249.1541 
sw090b005_32219 5 0.4438498 0.1166973 0.111007 0.1078447 0.1083008 0 0 0 0 0 0 0 0 0 0 0 0 0 0 0 0 0 0 0 0 0 0 0 0 2 32252.6932 
sw090b005_32219 5 0.3358634 0.0969487 0.0948277 0.0773693 0.0667177 0 0 0 0 0 0 0 0 0 0 0 0 0 0 0 0 0 0 0 0 0 0 0 0 3 32252.7596 
sw090b005_32219 5 0.3271528 0.0940459 0.0940363 0.0736214 0.0654472 0 0 0 0 0 0 0 0 0 0 0 0 0 0 0 0 0 0 0 0 0 0 0 0 3 32256.619 
sw090b005_32219 5 0.4792331 0.1291464 0.1186984 0.1089898 0.1223985 0 0 0 0 0 0 0 0 0 0 0 0 0 0 0 0 0 0 0 0 0 0 0 0 2 32256.7131 
sw090b005_32219 5 0.3428709 0.0955527 0.1027915 0.0852795 0.0592472 0 0 0 0 0 0 0 0 0 0 0 0 0 0 0 0 0 0 0 0 0 0 0 0 3 32260.7086 
sw090b005_32219 5 0.4781722 0.1272286 0.1181786 0.1083915 0.1243735 0 0 0 0 0 0 0 0 0 0 0 0 0 0 0 0 0 0 0 0 0 0 0 0 2 32260.8345 
sw090b005_32219 5 0.4938083 0.1345417 0.124275 0.1094416 0.12555 0 0 0 0 0 0 0 0 0 0 0 0 0 0 0 0 0 0 0 0 0 0 0 0 2 32264.6288 
sw090b005_32219 5 0.4967167 0.1352417 0.1213333 0.1109417 0.1292 0 0 0 0 0 0 0 0 0 0 0 0 0 0 0 0 0 0 0 0 0 0 0 0 2 32268.3301 
sw090b005_32219 5 0.5071253 0.1306586 0.1334334 0.116325 0.1267083 0 0 0 0 0 0 0 0 0 0 0 0 0 0 0 0 0 0 0 0 0 0 0 0 2 32272.1142 
sw090b005_32219 5 0.4940921 0.128697 0.127776 0.1119312 0.1256879 0 0 0 0 0 0 0 0 0 0 0 0 0 0 0 0 0 0 0 0 0 0 0 0 2 32276.8428 
sw090b005_32219 5 0.4940725 0.1265499 0.1244177 0.114197 0.1289079 0 0 0 0 0 0 0 0 0 0 0 0 0 0 0 0 0 0 0 0 0 0 0 0 2 32281.0131 
sw090b005_32219 5 0.49407 0.1235634 0.1273171 0.1146959 0.1284936 0 0 0 0 0 0 0 0 0 0 0 0 0 0 0 0 0 0 0 0 0 0 0 0 2 32284.7423 
