sw090b002_11617 5 1.3011083 0.45165 0.4258417 0.217525 0.2060916 0 0 0 0 0 0 0 0 0 0 0 0 0 0 0 0 0 0 0 0 0 0 0 0 2 11629.3233 
sw090b002_11617 4 1.3262584 0.4558917 0.4466583 0.4237084 0 0 0 0 0 0 0 0 0 0 0 0 0 0 0 0 0 0 0 0 0 0 0 0 0 2 11633.8564 
sw090b002_11617 5 1.1830264 0.4440159 0.403427 0.1636057 0.1719778 0 0 0 0 0 0 0 0 0 0 0 0 0 0 0 0 0 0 0 0 0 0 0 0 3 11634.5272 
sw090b002_11617 5 1.2610333 0.4412166 0.4228417 0.1987917 0.1981833 0 0 0 0 0 0 0 0 0 0 0 0 0 0 0 0 0 0 0 0 0 0 0 0 2 11639.3214 
sw090b002_11617 5 1.250525 0.444575 0.399975 0.203375 0.2026 0 0 0 0 0 0 0 0 0 0 0 0 0 0 0 0 0 0 0 0 0 0 0 0 3 11644.1905 
sw090b002_11617 5 1.2904167 0.4449834 0.4313 0.1998 0.2143333 0 0 0 0 0 0 0 0 0 0 0 0 0 0 0 0 0 0 0 0 0 0 0 0 3 11649.8662 
sw090b002_11617 5 1.3431583 0.4739666 0.4514834 0.202075 0.2156333 0 0 0 0 0 0 0 0 0 0 0 0 0 0 0 0 0 0 0 0 0 0 0 0 2 11659.4517 
sw090b002_11617 5 1.3526916 0.4724666 0.444375 0.2126084 0.2232416 0 0 0 0 0 0 0 0 0 0 0 0 0 0 0 0 0 0 0 0 0 0 0 0 2 11664.9309 
sw090b002_11617 5 1.3649128 0.4672044 0.4685539 0.2047711 0.2243834 0 0 0 0 0 0 0 0 0 0 0 0 0 0 0 0 0 0 0 0 0 0 0 0 2 11669.2647 
sw090b002_11617 5 1.3623016 0.4549 0.46405 0.2333417 0.2100099 0 0 0 0 0 0 0 0 0 0 0 0 0 0 0 0 0 0 0 0 0 0 0 0 2 11674.2605 
sw090b002_11617 5 1.3811825 0.4595825 0.461023 0.2250125 0.235561 0 0 0 0 0 0 0 0 0 0 0 0 0 0 0 0 0 0 0 0 0 0 0 0 2 11679.3382 
