sw097a001_524 5 0.327575 0.0936083 0.0816 0.0828583 0.0695084 0 0 0 0 0 0 0 0 0 0 0 0 0 0 0 0 0 0 0 0 0 0 0 0 1 528.1824 
sw097a001_524 5 0.318945 0.0828849 0.0917427 0.0749622 0.0693552 0 0 0 0 0 0 0 0 0 0 0 0 0 0 0 0 0 0 0 0 0 0 0 0 2 532.8996 
sw097a001_524 5 0.3044833 0.076375 0.0840583 0.0753417 0.0687083 0 0 0 0 0 0 0 0 0 0 0 0 0 0 0 0 0 0 0 0 0 0 0 0 1 533.3848 
sw097a001_524 5 0.3054755 0.0824936 0.0880687 0.052682 0.0822312 0 0 0 0 0 0 0 0 0 0 0 0 0 0 0 0 0 0 0 0 0 0 0 0 2 538.5487 
sw097a001_524 5 0.3086916 0.0880083 0.082225 0.0734583 0.065 0 0 0 0 0 0 0 0 0 0 0 0 0 0 0 0 0 0 0 0 0 0 0 0 1 538.6839 
sw097a001_524 5 0.3268851 0.0817889 0.0916907 0.0792477 0.0741578 0 0 0 0 0 0 0 0 0 0 0 0 0 0 0 0 0 0 0 0 0 0 0 0 2 543.7869 
sw097a001_524 5 0.7435 0.2013166 0.246 0.1627917 0.1333917 0 0 0 0 0 0 0 0 0 0 0 0 0 0 0 0 0 0 0 0 0 0 0 0 1 543.9125 
sw097a001_524 5 0.3178201 0.0829399 0.0882982 0.0718052 0.0747768 0 0 0 0 0 0 0 0 0 0 0 0 0 0 0 0 0 0 0 0 0 0 0 0 2 547.8356 
sw097a001_524 5 0.7120333 0.185325 0.2259833 0.16845 0.132275 0 0 0 0 0 0 0 0 0 0 0 0 0 0 0 0 0 0 0 0 0 0 0 0 1 548.4849 
sw097a001_524 5 0.3130083 0.0831583 0.090725 0.0711667 0.0679583 0 0 0 0 0 0 0 0 0 0 0 0 0 0 0 0 0 0 0 0 0 0 0 0 2 552.1704 
sw097a001_524 5 0.3277833 0.0811916 0.0972 0.0794584 0.0699333 0 0 0 0 0 0 0 0 0 0 0 0 0 0 0 0 0 0 0 0 0 0 0 0 2 556.358 
sw097a001_524 5 0.3327917 0.085775 0.095775 0.0795917 0.07165 0 0 0 0 0 0 0 0 0 0 0 0 0 0 0 0 0 0 0 0 0 0 0 0 2 560.3849 
sw097a001_524 5 0.3306834 0.0845667 0.0947833 0.0795417 0.0717917 0 0 0 0 0 0 0 0 0 0 0 0 0 0 0 0 0 0 0 0 0 0 0 0 2 564.4365 
sw097a001_524 5 0.3290583 0.0848333 0.0972167 0.0767 0.0703083 0 0 0 0 0 0 0 0 0 0 0 0 0 0 0 0 0 0 0 0 0 0 0 0 2 568.4356 
sw097a001_524 5 0.3251334 0.0875167 0.0891417 0.076825 0.07165 0 0 0 0 0 0 0 0 0 0 0 0 0 0 0 0 0 0 0 0 0 0 0 0 2 572.3486 
sw097a001_524 5 0.3342333 0.0858917 0.0956083 0.0804 0.0723333 0 0 0 0 0 0 0 0 0 0 0 0 0 0 0 0 0 0 0 0 0 0 0 0 2 576.4338 
sw097a001_524 5 0.3339333 0.0896416 0.096475 0.077875 0.0699417 0 0 0 0 0 0 0 0 0 0 0 0 0 0 0 0 0 0 0 0 0 0 0 0 2 580.4219 
sw097a001_524 5 0.340546 0.0885333 0.1100746 0.0765821 0.0653543 0 0 0 0 0 0 0 0 0 0 0 0 0 0 0 0 0 0 0 0 0 0 0 0 2 589.0983 
sw097a001_524 5 0.335525 0.0869833 0.1050917 0.0764417 0.0670083 0 0 0 0 0 0 0 0 0 0 0 0 0 0 0 0 0 0 0 0 0 0 0 0 2 593.4995 
sw097a001_524 5 0.3318 0.0858 0.0995 0.0773083 0.0691917 0 0 0 0 0 0 0 0 0 0 0 0 0 0 0 0 0 0 0 0 0 0 0 0 2 597.8032 
sw097a001_524 5 0.3291 0.08865 0.097175 0.0773333 0.0659417 0 0 0 0 0 0 0 0 0 0 0 0 0 0 0 0 0 0 0 0 0 0 0 0 2 601.9663 
sw097a001_524 5 0.333625 0.0846833 0.0998333 0.0809 0.0682084 0 0 0 0 0 0 0 0 0 0 0 0 0 0 0 0 0 0 0 0 0 0 0 0 2 605.9191 
