sw091b004_28079 5 0.3256328 0.1018078 0.0880083 0.0695334 0.0662833 0 0 0 0 0 0 0 0 0 0 0 0 0 0 0 0 0 0 0 0 0 0 0 0 1 28085.8213 
sw091b004_28079 5 0.3324417 0.08455 0.096025 0.0795083 0.0723584 0 0 0 0 0 0 0 0 0 0 0 0 0 0 0 0 0 0 0 0 0 0 0 0 1 28090.7323 
sw091b004_28079 5 0.299575 0.0802917 0.081725 0.07235 0.0652083 0 0 0 0 0 0 0 0 0 0 0 0 0 0 0 0 0 0 0 0 0 0 0 0 2 28092.6421 
sw091b004_28079 5 0.3305666 0.0875167 0.0976166 0.07595 0.0694833 0 0 0 0 0 0 0 0 0 0 0 0 0 0 0 0 0 0 0 0 0 0 0 0 1 28096.5806 
sw091b004_28079 5 0.3342667 0.09405 0.093925 0.0766417 0.06965 0 0 0 0 0 0 0 0 0 0 0 0 0 0 0 0 0 0 0 0 0 0 0 0 1 28102.7363 
sw091b004_28079 5 0.296432 0.080582 0.0815916 0.0715834 0.062675 0 0 0 0 0 0 0 0 0 0 0 0 0 0 0 0 0 0 0 0 0 0 0 0 2 28103.5731 
sw091b004_28079 5 0.3184667 0.08665 0.0866917 0.07285 0.072275 0 0 0 0 0 0 0 0 0 0 0 0 0 0 0 0 0 0 0 0 0 0 0 0 1 28107.8972 
sw091b004_28079 5 0.3029917 0.086125 0.0841667 0.0706917 0.0620083 0 0 0 0 0 0 0 0 0 0 0 0 0 0 0 0 0 0 0 0 0 0 0 0 2 28108.6985 
sw091b004_28079 5 0.3222083 0.085325 0.0895916 0.0763834 0.0709083 0 0 0 0 0 0 0 0 0 0 0 0 0 0 0 0 0 0 0 0 0 0 0 0 1 28112.487 
sw091b004_28079 5 0.7093778 0.207705 0.22213 0.150086 0.1294568 0 0 0 0 0 0 0 0 0 0 0 0 0 0 0 0 0 0 0 0 0 0 0 0 2 28112.7082 
sw091b004_28079 5 0.7149315 0.2127911 0.2233901 0.1541904 0.1245599 0 0 0 0 0 0 0 0 0 0 0 0 0 0 0 0 0 0 0 0 0 0 0 0 2 28117.9849 
sw091b004_28079 5 0.3090667 0.0824417 0.0873417 0.0714583 0.067825 0 0 0 0 0 0 0 0 0 0 0 0 0 0 0 0 0 0 0 0 0 0 0 0 1 28118.0971 
sw091b004_28079 5 0.31685 0.0789917 0.088625 0.0758417 0.0733916 0 0 0 0 0 0 0 0 0 0 0 0 0 0 0 0 0 0 0 0 0 0 0 0 1 28123.0645 
sw091b004_28079 5 0.7244977 0.215436 0.2204448 0.1568067 0.1318102 0 0 0 0 0 0 0 0 0 0 0 0 0 0 0 0 0 0 0 0 0 0 0 0 2 28123.1303 
sw091b004_28079 5 0.7920166 0.2409833 0.2497667 0.16815 0.1331166 0 0 0 0 0 0 0 0 0 0 0 0 0 0 0 0 0 0 0 0 0 0 0 0 2 28127.7628 
sw091b004_28079 5 0.3185666 0.0856416 0.08985 0.0746 0.068475 0 0 0 0 0 0 0 0 0 0 0 0 0 0 0 0 0 0 0 0 0 0 0 0 1 28130.8896 
sw091b004_28079 5 0.797825 0.2371417 0.257975 0.169125 0.1335833 0 0 0 0 0 0 0 0 0 0 0 0 0 0 0 0 0 0 0 0 0 0 0 0 2 28132.4017 
sw091b004_28079 5 0.3146167 0.0837167 0.0877333 0.074775 0.0683917 0 0 0 0 0 0 0 0 0 0 0 0 0 0 0 0 0 0 0 0 0 0 0 0 1 28134.9769 
sw091b004_28079 5 0.3137584 0.081875 0.0846334 0.0751 0.07215 0 0 0 0 0 0 0 0 0 0 0 0 0 0 0 0 0 0 0 0 0 0 0 0 1 28139.195 
