sw091b004_27401 5 1.2568083 0.4567917 0.4266333 0.1760583 0.197325 0 0 0 0 0 0 0 0 0 0 0 0 0 0 0 0 0 0 0 0 0 0 0 0 2 27415.0289 
sw091b004_27401 5 1.1865684 0.4445448 0.4028235 0.1663115 0.1728886 0 0 0 0 0 0 0 0 0 0 0 0 0 0 0 0 0 0 0 0 0 0 0 0 3 27416.072 
sw091b004_27401 5 0.9872217 0.3572056 0.3263938 0.1472528 0.1563695 0 0 0 0 0 0 0 0 0 0 0 0 0 0 0 0 0 0 0 0 0 0 0 0 3 27418.3065 
sw091b004_27401 5 1.0861666 0.39275 0.3585166 0.1532917 0.1816083 0 0 0 0 0 0 0 0 0 0 0 0 0 0 0 0 0 0 0 0 0 0 0 0 2 27418.3861 
sw091b004_27401 5 0.7494882 0.2328796 0.212328 0.1540729 0.1502077 0 0 0 0 0 0 0 0 0 0 0 0 0 0 0 0 0 0 0 0 0 0 0 0 3 27419.9484 
sw091b004_27401 5 0.7831416 0.235925 0.2202916 0.163625 0.1633 0 0 0 0 0 0 0 0 0 0 0 0 0 0 0 0 0 0 0 0 0 0 0 0 2 27420.2027 
sw091b004_27401 5 0.9017583 0.28955 0.2943416 0.1502 0.1676667 0 0 0 0 0 0 0 0 0 0 0 0 0 0 0 0 0 0 0 0 0 0 0 0 1 27423.7102 
sw091b004_27401 6 0.8967975 0.3310854 0.2457149 0.0577222 0.1160325 0.1462425 0 0 0 0 0 0 0 0 0 0 0 0 0 0 0 0 0 0 0 0 0 0 0 2 27423.9997 
sw091b004_27401 5 0.9000833 0.3025 0.2880416 0.153475 0.1560667 0 0 0 0 0 0 0 0 0 0 0 0 0 0 0 0 0 0 0 0 0 0 0 0 1 27427.101 
sw091b004_27401 5 0.8996847 0.329874 0.2727454 0.1501442 0.1469211 0 0 0 0 0 0 0 0 0 0 0 0 0 0 0 0 0 0 0 0 0 0 0 0 2 27427.5305 
sw091b004_27401 5 1.2454898 0.4632365 0.4272361 0.1727644 0.1822528 0 0 0 0 0 0 0 0 0 0 0 0 0 0 0 0 0 0 0 0 0 0 0 0 2 27435.4057 
sw091b004_27401 5 0.6686917 0.0411084 0.2641666 0.168925 0.1944917 0 0 0 0 0 0 0 0 0 0 0 0 0 0 0 0 0 0 0 0 0 0 0 0 1 27435.5321 
sw091b004_27401 7 1.5464328 0.4778457 0.3946147 0.1709696 0.1513017 0.1551017 0.1965994 0 0 0 0 0 0 0 0 0 0 0 0 0 0 0 0 0 0 0 0 0 0 2 27439.7951 
sw091b004_27401 5 0.6097333 0.0693583 0.1556417 0.1593417 0.2253916 0 0 0 0 0 0 0 0 0 0 0 0 0 0 0 0 0 0 0 0 0 0 0 0 1 27442.0006 
sw091b004_27401 5 1.1723302 0.4228444 0.4075694 0.1731279 0.1687885 0 0 0 0 0 0 0 0 0 0 0 0 0 0 0 0 0 0 0 0 0 0 0 0 2 27444.9509 
sw091b004_27401 7 1.2227463 0.4461534 0.3427187 0.0881908 0.1493343 0.0957179 0.1006312 0 0 0 0 0 0 0 0 0 0 0 0 0 0 0 0 0 0 0 0 0 0 2 27449.1645 
sw091b004_27401 5 1.1370206 0.4046084 0.3870362 0.1731213 0.1722547 0 0 0 0 0 0 0 0 0 0 0 0 0 0 0 0 0 0 0 0 0 0 0 0 1 27450.2866 
sw091b004_27401 7 1.4303357 0.4440692 0.3166365 0.1098883 0.1482083 0.1512917 0.2602417 0 0 0 0 0 0 0 0 0 0 0 0 0 0 0 0 0 0 0 0 0 0 2 27454.1738 
sw091b004_27401 8 1.51085 0.4267667 0.3170333 0.087975 0.1525167 0.138375 0.1824166 0.2057667 0 0 0 0 0 0 0 0 0 0 0 0 0 0 0 0 0 0 0 0 0 2 27458.9791 
