sw090b005_31618 1 0 0 0 0 0 0 0 0 0 0 0 0 0 0 0 0 0 0 0 0 0 0 0 0 0 0 0 0 0 1 31625.8001 
sw090b005_31618 8 1.7084448 0.4608384 0.4022903 0.160454 0.1592333 0.1740778 0.1579279 0.1936231 0 0 0 0 0 0 0 0 0 0 0 0 0 0 0 0 0 0 0 0 0 2 31629.5819 
sw090b005_31618 15 1.3385584 0.1576917 0.0837334 0.0792083 0.083125 0.0883 0.0805666 0.0856584 0.0854416 0.0853917 0.0849083 0.0871167 0.0969333 0.1107417 0.1297417 0 0 0 0 0 0 0 0 0 0 0 0 0 0 2 31640.8342 
sw090b005_31618 6 1.9205 0.7558583 0.373 0.389 0.2194667 0.183175 0 0 0 0 0 0 0 0 0 0 0 0 0 0 0 0 0 0 0 0 0 0 0 3 31646.5807 
sw090b005_31618 8 1.2538079 0.2356096 0.2592852 0.1336341 0.1154675 0.1306424 0.1606681 0.218501 0 0 0 0 0 0 0 0 0 0 0 0 0 0 0 0 0 0 0 0 0 2 31650.4556 
sw090b005_31618 5 1.2120229 0.4041891 0.393037 0.2256932 0.1891036 0 0 0 0 0 0 0 0 0 0 0 0 0 0 0 0 0 0 0 0 0 0 0 0 3 31657.4831 
sw090b005_31618 5 1.2060229 0.4059025 0.3865977 0.2192185 0.1943042 0 0 0 0 0 0 0 0 0 0 0 0 0 0 0 0 0 0 0 0 0 0 0 0 2 31658.9183 
sw090b005_31618 5 1.1375333 0.3365417 0.3658166 0.2408417 0.1943333 0 0 0 0 0 0 0 0 0 0 0 0 0 0 0 0 0 0 0 0 0 0 0 0 3 31665.4414 
sw090b005_31618 5 1.1858084 0.3894167 0.3506667 0.2567 0.189025 0 0 0 0 0 0 0 0 0 0 0 0 0 0 0 0 0 0 0 0 0 0 0 0 2 31670.5083 
sw090b005_31618 7 1.2977661 0.3517213 0.1923577 0.1948816 0.1669598 0.1758581 0.2159876 0 0 0 0 0 0 0 0 0 0 0 0 0 0 0 0 0 0 0 0 0 0 2 31678.6334 
