sw100b001_93 9 0.3652 0.03665 0.0518917 0.0486 0.0500916 0.0454584 0.0391833 0.0421167 0.0512083 0 0 0 0 0 0 0 0 0 0 0 0 0 0 0 0 0 0 0 0 3 97.2255 
sw100b001_93 9 0.3473599 0.03565 0.0505166 0.0482084 0.0454 0.0396333 0.041 0.0413667 0.0455849 0 0 0 0 0 0 0 0 0 0 0 0 0 0 0 0 0 0 0 0 2 100.7079 
sw100b001_93 5 0.3173055 0.099607 0.089919 0.0720256 0.0557539 0 0 0 0 0 0 0 0 0 0 0 0 0 0 0 0 0 0 0 0 0 0 0 0 2 104.6313 
sw100b001_93 5 0.3085333 0.0865417 0.0983333 0.0704333 0.053225 0 0 0 0 0 0 0 0 0 0 0 0 0 0 0 0 0 0 0 0 0 0 0 0 3 108.8363 
sw100b001_93 6 0.4034916 0.0910916 0.0902084 0.0743166 0.061875 0.086 0 0 0 0 0 0 0 0 0 0 0 0 0 0 0 0 0 0 0 0 0 0 0 3 112.937 
sw100b001_93 8 0.34885 0.0414416 0.045125 0.051475 0.0493 0.0510167 0.0496333 0.0608584 0 0 0 0 0 0 0 0 0 0 0 0 0 0 0 0 0 0 0 0 0 2 113.7429 
sw100b001_93 5 0.3114916 0.0875916 0.0998084 0.0704666 0.053625 0 0 0 0 0 0 0 0 0 0 0 0 0 0 0 0 0 0 0 0 0 0 0 0 3 117.1664 
sw100b001_93 7 0.29945 0.044 0.0504584 0.0544333 0.0490167 0.050125 0.0514166 0 0 0 0 0 0 0 0 0 0 0 0 0 0 0 0 0 0 0 0 0 0 2 118.1406 
sw100b001_93 5 0.3069584 0.0921 0.0919834 0.0760583 0.0468167 0 0 0 0 0 0 0 0 0 0 0 0 0 0 0 0 0 0 0 0 0 0 0 0 3 121.4385 
sw100b001_93 7 0.3062583 0.0467083 0.053275 0.053975 0.0476667 0.0511166 0.0535167 0 0 0 0 0 0 0 0 0 0 0 0 0 0 0 0 0 0 0 0 0 0 2 122.0923 
