sw106a004_31356 5 0.3248597 0.0963248 0.1026291 0.0716296 0.0542762 0 0 0 0 0 0 0 0 0 0 0 0 0 0 0 0 0 0 0 0 0 0 0 0 1 31362.2188 
sw106a004_31356 7 0.3182681 0.0487564 0.0568579 0.0469277 0.0447482 0.052742 0.0682359 0 0 0 0 0 0 0 0 0 0 0 0 0 0 0 0 0 0 0 0 0 0 2 31363.2726 
sw106a004_31356 5 0.304561 0.0813985 0.0891983 0.0709236 0.0630406 0 0 0 0 0 0 0 0 0 0 0 0 0 0 0 0 0 0 0 0 0 0 0 0 3 31370.6963 
sw106a004_31356 7 0.4271049 0.0530183 0.0598404 0.0728091 0.0743986 0.0688032 0.0982353 0 0 0 0 0 0 0 0 0 0 0 0 0 0 0 0 0 0 0 0 0 0 4 31370.9152 
sw106a004_31356 7 0.3510353 0.0391618 0.0550459 0.0598594 0.061098 0.0625117 0.0733585 0 0 0 0 0 0 0 0 0 0 0 0 0 0 0 0 0 0 0 0 0 0 2 31375.9274 
sw106a004_31356 5 0.288506 0.0760412 0.0831668 0.0662031 0.0630949 0 0 0 0 0 0 0 0 0 0 0 0 0 0 0 0 0 0 0 0 0 0 0 0 1 31376.3734 
sw106a004_31356 7 0.3197281 0.0341144 0.0444841 0.0539099 0.0557692 0.0606112 0.0708393 0 0 0 0 0 0 0 0 0 0 0 0 0 0 0 0 0 0 0 0 0 0 2 31384.9024 
sw106a004_31356 5 0.3129689 0.0839722 0.094672 0.0741569 0.0601678 0 0 0 0 0 0 0 0 0 0 0 0 0 0 0 0 0 0 0 0 0 0 0 0 1 31389.1349 
sw106a004_31356 9 0.436707 0.0336167 0.0378791 0.0454805 0.0503179 0.0507345 0.0553631 0.0612088 0.1021064 0 0 0 0 0 0 0 0 0 0 0 0 0 0 0 0 0 0 0 0 2 31389.5844 
sw106a004_31356 5 0.3191655 0.0894717 0.0980664 0.0713735 0.0602539 0 0 0 0 0 0 0 0 0 0 0 0 0 0 0 0 0 0 0 0 0 0 0 0 1 31393.2428 
sw106a004_31356 8 0.304769 0.0320051 0.0373119 0.0404173 0.0442082 0.0463233 0.0488789 0.0556243 0 0 0 0 0 0 0 0 0 0 0 0 0 0 0 0 0 0 0 0 0 2 31393.6866 
sw106a004_31356 5 0.3273466 0.0881166 0.0975655 0.0771656 0.0644989 0 0 0 0 0 0 0 0 0 0 0 0 0 0 0 0 0 0 0 0 0 0 0 0 1 31397.0402 
