sw100a002_10216 5 0.7707167 0.2285583 0.2464 0.166025 0.1297334 0 0 0 0 0 0 0 0 0 0 0 0 0 0 0 0 0 0 0 0 0 0 0 0 1 10225.9466 
sw100a002_10216 5 0.7434667 0.215275 0.238 0.1611834 0.1290083 0 0 0 0 0 0 0 0 0 0 0 0 0 0 0 0 0 0 0 0 0 0 0 0 1 10231.0632 
sw100a002_10216 5 0.7325083 0.2181167 0.2279666 0.1510834 0.1353416 0 0 0 0 0 0 0 0 0 0 0 0 0 0 0 0 0 0 0 0 0 0 0 0 1 10234.8682 
sw100a002_10216 5 0.3145691 0.0811667 0.0949366 0.08157 0.0568958 0 0 0 0 0 0 0 0 0 0 0 0 0 0 0 0 0 0 0 0 0 0 0 0 2 10238.8243 
sw100a002_10216 5 0.7273171 0.2185838 0.2305833 0.1530584 0.1250916 0 0 0 0 0 0 0 0 0 0 0 0 0 0 0 0 0 0 0 0 0 0 0 0 1 10239.0621 
sw100a002_10216 5 0.3106923 0.0943126 0.0931363 0.0701725 0.0530709 0 0 0 0 0 0 0 0 0 0 0 0 0 0 0 0 0 0 0 0 0 0 0 0 2 10242.8003 
sw100a002_10216 5 0.7310833 0.2166583 0.2246167 0.159225 0.1305833 0 0 0 0 0 0 0 0 0 0 0 0 0 0 0 0 0 0 0 0 0 0 0 0 1 10243.282 
sw100a002_10216 5 0.2991995 0.087052 0.0786979 0.0681807 0.0652689 0 0 0 0 0 0 0 0 0 0 0 0 0 0 0 0 0 0 0 0 0 0 0 0 2 10246.9149 
sw100a002_10216 5 0.742475 0.2242083 0.2301083 0.1526417 0.1355167 0 0 0 0 0 0 0 0 0 0 0 0 0 0 0 0 0 0 0 0 0 0 0 0 1 10247.1885 
sw100a002_10216 5 0.3221305 0.0948928 0.0867543 0.0795577 0.0609257 0 0 0 0 0 0 0 0 0 0 0 0 0 0 0 0 0 0 0 0 0 0 0 0 2 10251.0008 
sw100a002_10216 5 0.7412583 0.224525 0.22905 0.1479666 0.1397167 0 0 0 0 0 0 0 0 0 0 0 0 0 0 0 0 0 0 0 0 0 0 0 0 1 10251.2463 
sw100a002_10216 5 0.31575 0.0980917 0.0835 0.0698666 0.0642917 0 0 0 0 0 0 0 0 0 0 0 0 0 0 0 0 0 0 0 0 0 0 0 0 2 10255.4562 
sw100a002_10216 5 0.3051167 0.0911583 0.07805 0.0722584 0.06365 0 0 0 0 0 0 0 0 0 0 0 0 0 0 0 0 0 0 0 0 0 0 0 0 2 10259.9315 
