sw106b004_27027 12 0.8949823 0.039225 0.0798299 0.0906394 0.0797194 0.0782628 0.0807266 0.0832538 0.089105 0.0918466 0.0876333 0.0947405 0 0 0 0 0 0 0 0 0 0 0 0 0 0 0 0 0 1 27027.6726 
sw106b004_27027 5 0.8510334 0.2605 0.29215 0.164525 0.1338584 0 0 0 0 0 0 0 0 0 0 0 0 0 0 0 0 0 0 0 0 0 0 0 0 1 27031.7255 
sw106b004_27027 4 0.8894789 0.3058085 0.307581 0.2760894 0 0 0 0 0 0 0 0 0 0 0 0 0 0 0 0 0 0 0 0 0 0 0 0 0 2 27031.7562 
sw106b004_27027 4 0.8482559 0.2888478 0.2793693 0.2800388 0 0 0 0 0 0 0 0 0 0 0 0 0 0 0 0 0 0 0 0 0 0 0 0 0 2 27036.2287 
sw106b004_27027 5 0.8491584 0.2830584 0.2612697 0.1720886 0.1327417 0 0 0 0 0 0 0 0 0 0 0 0 0 0 0 0 0 0 0 0 0 0 0 0 1 27036.3897 
sw106b004_27027 6 1.089978 0.2646767 0.2504695 0.1556446 0.1497289 0.2694583 0 0 0 0 0 0 0 0 0 0 0 0 0 0 0 0 0 0 0 0 0 0 0 1 27040.4904 
sw106b004_27027 4 0.8428146 0.2601826 0.285187 0.297445 0 0 0 0 0 0 0 0 0 0 0 0 0 0 0 0 0 0 0 0 0 0 0 0 0 2 27040.8991 
sw106b004_27027 3 0.5048252 0.275547 0.2292782 0 0 0 0 0 0 0 0 0 0 0 0 0 0 0 0 0 0 0 0 0 0 0 0 0 0 2 27043.951 
sw106b004_27027 5 0.7759865 0.2251162 0.2297417 0.195987 0.1251365 0 0 0 0 0 0 0 0 0 0 0 0 0 0 0 0 0 0 0 0 0 0 0 0 1 27044.5192 
sw106b004_27027 5 0.8399434 0.2628426 0.00955 0.2630974 0.3044469 0 0 0 0 0 0 0 0 0 0 0 0 0 0 0 0 0 0 0 0 0 0 0 0 2 27048.6135 
sw106b004_27027 4 0.648575 0.2299834 0.259575 0.1590166 0 0 0 0 0 0 0 0 0 0 0 0 0 0 0 0 0 0 0 0 0 0 0 0 0 1 27048.6464 
sw106b004_27027 5 0.824675 0.2178916 0.2724 0.16445 0.1699334 0 0 0 0 0 0 0 0 0 0 0 0 0 0 0 0 0 0 0 0 0 0 0 0 1 27051.7703 
sw106b004_27027 4 0.7735304 0.2689449 0.2384094 0.2661761 0 0 0 0 0 0 0 0 0 0 0 0 0 0 0 0 0 0 0 0 0 0 0 0 0 2 27052.3671 
sw106b004_27027 5 0.78215 0.2384333 0.25315 0.1531833 0.1373834 0 0 0 0 0 0 0 0 0 0 0 0 0 0 0 0 0 0 0 0 0 0 0 0 1 27055.6196 
sw106b004_27027 4 0.8047473 0.2602844 0.2808674 0.2635955 0 0 0 0 0 0 0 0 0 0 0 0 0 0 0 0 0 0 0 0 0 0 0 0 0 2 27056.856 
sw106b004_27027 5 0.8158686 0.2313982 0.2692956 0.1663949 0.1487799 0 0 0 0 0 0 0 0 0 0 0 0 0 0 0 0 0 0 0 0 0 0 0 0 1 27060.3118 
sw106b004_27027 4 0.8153654 0.2692842 0.2589078 0.2871734 0 0 0 0 0 0 0 0 0 0 0 0 0 0 0 0 0 0 0 0 0 0 0 0 0 2 27060.6178 
sw106b004_27027 4 1.3122478 0.4810042 0.4169908 0.4142528 0 0 0 0 0 0 0 0 0 0 0 0 0 0 0 0 0 0 0 0 0 0 0 0 0 3 27068.9585 
sw106b004_27027 4 1.2809806 0.4355639 0.4220288 0.4233879 0 0 0 0 0 0 0 0 0 0 0 0 0 0 0 0 0 0 0 0 0 0 0 0 0 3 27073.2278 
sw106b004_27027 5 1.1864917 0.3891417 0.3775416 0.2394334 0.180375 0 0 0 0 0 0 0 0 0 0 0 0 0 0 0 0 0 0 0 0 0 0 0 0 3 27078.1591 
sw106b004_27027 5 1.1687416 0.3896916 0.401375 0.175875 0.2018 0 0 0 0 0 0 0 0 0 0 0 0 0 0 0 0 0 0 0 0 0 0 0 0 3 27083.0205 
sw106b004_27027 5 1.2174417 0.4085334 0.4109916 0.226625 0.1712917 0 0 0 0 0 0 0 0 0 0 0 0 0 0 0 0 0 0 0 0 0 0 0 0 3 27088.1956 
