sw106a002_9999 8 0.3959322 0.0356988 0.0467167 0.0522833 0.0500834 0.053925 0.06125 0.095975 0 0 0 0 0 0 0 0 0 0 0 0 0 0 0 0 0 0 0 0 0 1 10005.5777 
sw106a002_9999 9 0.3407558 0.0379514 0.0418414 0.0417975 0.0400164 0.0384641 0.0388098 0.0398164 0.0620588 0 0 0 0 0 0 0 0 0 0 0 0 0 0 0 0 0 0 0 0 2 10009.1278 
sw106a002_9999 9 0.4029986 0.0462583 0.0398834 0.0506083 0.0497667 0.0445666 0.0466417 0.0524333 0.0728403 0 0 0 0 0 0 0 0 0 0 0 0 0 0 0 0 0 0 0 0 1 10009.9343 
sw106a002_9999 7 0.3591001 0.0564569 0.0533992 0.0550702 0.0554371 0.0600266 0.0787101 0 0 0 0 0 0 0 0 0 0 0 0 0 0 0 0 0 0 0 0 0 0 2 10010.8316 
sw106a002_9999 7 0.3903185 0.0690446 0.0642795 0.0571735 0.0620318 0.0638257 0.0739634 0 0 0 0 0 0 0 0 0 0 0 0 0 0 0 0 0 0 0 0 0 0 2 10011.6622 
sw106a002_9999 10 0.4446583 0.0458667 0.04005 0.0512416 0.0449834 0.0411333 0.0446333 0.0550584 0.0583916 0.0633 0 0 0 0 0 0 0 0 0 0 0 0 0 0 0 0 0 0 0 1 10013.6878 
sw106a002_9999 9 0.3566417 0.039275 0.03915 0.0351667 0.0581333 0.0248167 0.0367 0.0582417 0.0651583 0 0 0 0 0 0 0 0 0 0 0 0 0 0 0 0 0 0 0 0 1 10018.453 
sw106a002_9999 5 0.3270856 0.1004713 0.0783089 0.0744482 0.0738572 0 0 0 0 0 0 0 0 0 0 0 0 0 0 0 0 0 0 0 0 0 0 0 0 2 10018.9647 
sw106a002_9999 9 0.3996667 0.0439333 0.0477834 0.0549833 0.0496583 0.0490417 0.0437667 0.0509666 0.0595334 0 0 0 0 0 0 0 0 0 0 0 0 0 0 0 0 0 0 0 0 1 10022.8701 
sw106a002_9999 5 0.2979794 0.07541 0.0714148 0.0716803 0.0794743 0 0 0 0 0 0 0 0 0 0 0 0 0 0 0 0 0 0 0 0 0 0 0 0 2 10023.2494 
sw106a002_9999 10 0.4263812 0.0401333 0.0398667 0.0364417 0.0394 0.0429333 0.0446417 0.0550083 0.0575917 0.0703645 0 0 0 0 0 0 0 0 0 0 0 0 0 0 0 0 0 0 0 1 10026.9265 
sw106a002_9999 4 0.2145743 0.0662076 0.0690739 0.0792928 0 0 0 0 0 0 0 0 0 0 0 0 0 0 0 0 0 0 0 0 0 0 0 0 0 2 10027.3613 
sw106a002_9999 7 0.3284 0.0419916 0.0503 0.054425 0.051075 0.0587334 0.071875 0 0 0 0 0 0 0 0 0 0 0 0 0 0 0 0 0 0 0 0 0 0 1 10030.7441 
sw106a002_9999 6 0.4309804 0.0911327 0.0994249 0.0826661 0.072459 0.0852977 0 0 0 0 0 0 0 0 0 0 0 0 0 0 0 0 0 0 0 0 0 0 0 2 10031.2367 
sw106a002_9999 5 0.3132334 0.0961751 0.0770416 0.0684584 0.0715583 0 0 0 0 0 0 0 0 0 0 0 0 0 0 0 0 0 0 0 0 0 0 0 0 2 10035.2533 
sw106a002_9999 5 0.2778718 0.0878551 0.063475 0.0605167 0.066025 0 0 0 0 0 0 0 0 0 0 0 0 0 0 0 0 0 0 0 0 0 0 0 0 2 10039.364 
sw106a002_9999 4 0.9275084 0.312525 0.3094667 0.3055167 0 0 0 0 0 0 0 0 0 0 0 0 0 0 0 0 0 0 0 0 0 0 0 0 0 1 10043.0934 
sw106a002_9999 6 0.3820721 0.1039586 0.0784218 0.0686685 0.0638408 0.0671824 0 0 0 0 0 0 0 0 0 0 0 0 0 0 0 0 0 0 0 0 0 0 0 2 10043.2559 
sw106a002_9999 4 0.8904166 0.2964333 0.298 0.2959833 0 0 0 0 0 0 0 0 0 0 0 0 0 0 0 0 0 0 0 0 0 0 0 0 0 1 10047.2559 
sw106a002_9999 4 0.8458417 0.2899833 0.2731167 0.2827417 0 0 0 0 0 0 0 0 0 0 0 0 0 0 0 0 0 0 0 0 0 0 0 0 0 1 10051.9774 
sw106a002_9999 4 0.78475 0.25175 0.274825 0.258175 0 0 0 0 0 0 0 0 0 0 0 0 0 0 0 0 0 0 0 0 0 0 0 0 0 1 10058.7737 
sw106a002_9999 4 0.7779417 0.2521167 0.2632916 0.2625334 0 0 0 0 0 0 0 0 0 0 0 0 0 0 0 0 0 0 0 0 0 0 0 0 0 1 10063.3834 
sw106a002_9999 5 0.304073 0.0752894 0.0779288 0.0666088 0.084246 0 0 0 0 0 0 0 0 0 0 0 0 0 0 0 0 0 0 0 0 0 0 0 0 2 10063.8264 
sw106a002_9999 6 0.8553842 0.2348951 0.2463954 0.1412572 0.1059049 0.1269316 0 0 0 0 0 0 0 0 0 0 0 0 0 0 0 0 0 0 0 0 0 0 0 2 10066.7899 
sw106a002_9999 4 0.7663 0.2582334 0.2531916 0.254875 0 0 0 0 0 0 0 0 0 0 0 0 0 0 0 0 0 0 0 0 0 0 0 0 0 1 10067.0455 
sw106a002_9999 4 0.783075 0.2443833 0.2654417 0.27325 0 0 0 0 0 0 0 0 0 0 0 0 0 0 0 0 0 0 0 0 0 0 0 0 0 1 10070.0355 
sw106a002_9999 6 0.721106 0.0028264 0.202074 0.2301994 0.1614325 0.1245737 0 0 0 0 0 0 0 0 0 0 0 0 0 0 0 0 0 0 0 0 0 0 0 2 10070.0356 
sw106a002_9999 5 0.6996 0.1932083 0.2026334 0.1854916 0.1182667 0 0 0 0 0 0 0 0 0 0 0 0 0 0 0 0 0 0 0 0 0 0 0 0 2 10073.7831 
sw106a002_9999 5 0.7414833 0.229075 0.2331166 0.1499834 0.1293083 0 0 0 0 0 0 0 0 0 0 0 0 0 0 0 0 0 0 0 0 0 0 0 0 2 10077.3156 
sw106a002_9999 5 0.793325 0.231725 0.2539 0.1599 0.1478 0 0 0 0 0 0 0 0 0 0 0 0 0 0 0 0 0 0 0 0 0 0 0 0 2 10081.4644 
sw106a002_9999 7 0.3694651 0.0553361 0.0628969 0.0551593 0.0704898 0.061004 0.064579 0 0 0 0 0 0 0 0 0 0 0 0 0 0 0 0 0 0 0 0 0 0 3 10085.9597 
sw106a002_9999 5 0.3125814 0.094368 0.0682636 0.0706969 0.0792529 0 0 0 0 0 0 0 0 0 0 0 0 0 0 0 0 0 0 0 0 0 0 0 0 3 10090.2196 
sw106a002_9999 6 0.3916359 0.0916224 0.0802688 0.0750792 0.0729199 0.0717456 0 0 0 0 0 0 0 0 0 0 0 0 0 0 0 0 0 0 0 0 0 0 0 3 10094.4769 
sw106a002_9999 8 0.3294055 0.0354122 0.050052 0.0494985 0.0498225 0.0470297 0.0466187 0.0509719 0 0 0 0 0 0 0 0 0 0 0 0 0 0 0 0 0 0 0 0 0 4 10094.6746 
sw106a002_9999 5 0.317525 0.0912667 0.0804833 0.06715 0.078625 0 0 0 0 0 0 0 0 0 0 0 0 0 0 0 0 0 0 0 0 0 0 0 0 4 10098.6272 
sw106a002_9999 5 0.3063706 0.0841051 0.0779524 0.0768534 0.0674597 0 0 0 0 0 0 0 0 0 0 0 0 0 0 0 0 0 0 0 0 0 0 0 0 4 10104.2231 
sw106a002_9999 8 0.3363615 0.0365165 0.0394598 0.0482969 0.0482448 0.0497625 0.052823 0.061258 0 0 0 0 0 0 0 0 0 0 0 0 0 0 0 0 0 0 0 0 0 3 10104.4429 
