sw106a004_30637 4 1.2965414 0.4441131 0.4243048 0.4281235 0 0 0 0 0 0 0 0 0 0 0 0 0 0 0 0 0 0 0 0 0 0 0 0 0 2 30644.9303 
sw106a004_30637 4 1.2722801 0.4419885 0.41485 0.4154416 0 0 0 0 0 0 0 0 0 0 0 0 0 0 0 0 0 0 0 0 0 0 0 0 0 2 30649.9925 
sw106a004_30637 4 1.2521333 0.4330833 0.4045167 0.4145333 0 0 0 0 0 0 0 0 0 0 0 0 0 0 0 0 0 0 0 0 0 0 0 0 0 2 30654.9121 
sw106a004_30637 5 1.2208273 0.4444851 0.4225642 0.1759797 0.1777983 0 0 0 0 0 0 0 0 0 0 0 0 0 0 0 0 0 0 0 0 0 0 0 0 3 30656.5355 
sw106a004_30637 4 1.220875 0.4209334 0.405075 0.3948666 0 0 0 0 0 0 0 0 0 0 0 0 0 0 0 0 0 0 0 0 0 0 0 0 0 2 30660.7548 
sw106a004_30637 5 1.135284 0.4342617 0.4008952 0.1308542 0.1692729 0 0 0 0 0 0 0 0 0 0 0 0 0 0 0 0 0 0 0 0 0 0 0 0 3 30661.7616 
sw106a004_30637 4 1.1768167 0.4058 0.3904167 0.3806 0 0 0 0 0 0 0 0 0 0 0 0 0 0 0 0 0 0 0 0 0 0 0 0 0 2 30665.4601 
sw106a004_30637 5 1.1501163 0.4346811 0.4006367 0.1463718 0.1684267 0 0 0 0 0 0 0 0 0 0 0 0 0 0 0 0 0 0 0 0 0 0 0 0 3 30666.1323 
sw106a004_30637 4 1.098975 0.3829 0.3610584 0.3550166 0 0 0 0 0 0 0 0 0 0 0 0 0 0 0 0 0 0 0 0 0 0 0 0 0 2 30669.3132 
sw106a004_30637 5 1.0993486 0.4223664 0.3738256 0.139345 0.1638116 0 0 0 0 0 0 0 0 0 0 0 0 0 0 0 0 0 0 0 0 0 0 0 0 3 30669.6837 
sw106a004_30637 4 0.9640028 0.336604 0.3178716 0.3095272 0 0 0 0 0 0 0 0 0 0 0 0 0 0 0 0 0 0 0 0 0 0 0 0 0 2 30671.556 
sw106a004_30637 5 0.8717 0.3175402 0.2504988 0.1345905 0.1690705 0 0 0 0 0 0 0 0 0 0 0 0 0 0 0 0 0 0 0 0 0 0 0 0 3 30671.8396 
