sw106b004_26933 10 0.8033068 0.0498849 0.0843193 0.0885276 0.0931193 0.082765 0.0962236 0.090657 0.1073948 0.1104153 0 0 0 0 0 0 0 0 0 0 0 0 0 0 0 0 0 0 0 2 26935.3353 
sw106b004_26933 4 1.0628417 0.3603834 0.34905 0.3534083 0 0 0 0 0 0 0 0 0 0 0 0 0 0 0 0 0 0 0 0 0 0 0 0 0 1 26939.4778 
sw106b004_26933 14 0.9780556 0.0535806 0.0715333 0.0842167 0.0791651 0.004 0.0734016 0.0821916 0.0840084 0.07745 0.0781 0.0845333 0.0922083 0.1136667 0 0 0 0 0 0 0 0 0 0 0 0 0 0 0 2 26939.5457 
sw106b004_26933 6 0.2354916 0.0396166 0.0457917 0.0456917 0.0495166 0.054875 0 0 0 0 0 0 0 0 0 0 0 0 0 0 0 0 0 0 0 0 0 0 0 2 26944.6121 
sw106b004_26933 4 1.0360334 0.3495834 0.3548583 0.3315917 0 0 0 0 0 0 0 0 0 0 0 0 0 0 0 0 0 0 0 0 0 0 0 0 0 1 26945.6725 
sw106b004_26933 5 1.0151244 0.3389161 0.324675 0.207125 0.1444083 0 0 0 0 0 0 0 0 0 0 0 0 0 0 0 0 0 0 0 0 0 0 0 0 2 26948.0069 
sw106b004_26933 4 0.9952309 0.3314895 0.3256098 0.3381316 0 0 0 0 0 0 0 0 0 0 0 0 0 0 0 0 0 0 0 0 0 0 0 0 0 1 26948.9168 
sw106b004_26933 4 1.0461902 0.3427634 0.3397662 0.3636606 0 0 0 0 0 0 0 0 0 0 0 0 0 0 0 0 0 0 0 0 0 0 0 0 0 1 26952.7584 
sw106b004_26933 5 0.9937732 0.3196354 0.353585 0.1556333 0.1649195 0 0 0 0 0 0 0 0 0 0 0 0 0 0 0 0 0 0 0 0 0 0 0 0 2 26952.8205 
sw106b004_26933 5 1.0510916 0.3321083 0.3701667 0.1718916 0.176925 0 0 0 0 0 0 0 0 0 0 0 0 0 0 0 0 0 0 0 0 0 0 0 0 2 26956.424 
sw106b004_26933 4 1.0249117 0.3225455 0.3571901 0.3451761 0 0 0 0 0 0 0 0 0 0 0 0 0 0 0 0 0 0 0 0 0 0 0 0 0 1 26961.1552 
sw106b004_26933 13 1.0401583 0.0816617 0.0888317 0.0673608 0.0786654 0.081802 0.0896317 0.0921307 0.0808075 0.0870752 0.0902934 0.0959239 0.1059743 0 0 0 0 0 0 0 0 0 0 0 0 0 0 0 0 2 26961.369 
sw106b004_26933 12 0.9843659 0.0994742 0.0787729 0.0769643 0.0766189 0.0917868 0.0781116 0.0852784 0.0855871 0.0904871 0.0923624 0.1289222 0 0 0 0 0 0 0 0 0 0 0 0 0 0 0 0 0 2 26969.8621 
sw106b004_26933 4 1.0348282 0.3377563 0.358174 0.3388979 0 0 0 0 0 0 0 0 0 0 0 0 0 0 0 0 0 0 0 0 0 0 0 0 0 1 26969.8748 
sw106b004_26933 5 1.0387248 0.3702358 0.3500933 0.1869313 0.1314644 0 0 0 0 0 0 0 0 0 0 0 0 0 0 0 0 0 0 0 0 0 0 0 0 1 26978.0859 
sw106b004_26933 3 0.7512488 0.3937252 0.3575236 0 0 0 0 0 0 0 0 0 0 0 0 0 0 0 0 0 0 0 0 0 0 0 0 0 0 2 26978.8062 
sw106b004_26933 5 1.1289154 0.3988066 0.3338115 0.2205214 0.1757759 0 0 0 0 0 0 0 0 0 0 0 0 0 0 0 0 0 0 0 0 0 0 0 0 1 26986.7417 
sw106b004_26933 4 1.0897845 0.3624831 0.3666871 0.3606143 0 0 0 0 0 0 0 0 0 0 0 0 0 0 0 0 0 0 0 0 0 0 0 0 0 2 26987.1612 
sw106b004_26933 4 1.0747273 0.3657247 0.3623148 0.3466878 0 0 0 0 0 0 0 0 0 0 0 0 0 0 0 0 0 0 0 0 0 0 0 0 0 1 26997.0694 
sw106b004_26933 12 1.0135667 0.05695 0.0748333 0.0779834 0.0824833 0.0833583 0.088475 0.0813417 0.0827083 0.0899584 0.10085 0.194625 0 0 0 0 0 0 0 0 0 0 0 0 0 0 0 0 0 2 26997.2124 
sw106b004_26933 13 0.972975 0.0582916 0.0884917 0.07025 0.0778667 0.0747916 0.079275 0.0799417 0.0857917 0.0816833 0.0882167 0.08885 0.099525 0 0 0 0 0 0 0 0 0 0 0 0 0 0 0 0 2 27001.3616 
sw106b004_26933 12 0.9144333 0.0685167 0.0656583 0.0792833 0.0771584 0.0881333 0.0710333 0.1043834 0.0783 0.089875 0.0853083 0.1067833 0 0 0 0 0 0 0 0 0 0 0 0 0 0 0 0 0 2 27006.0766 
sw106b004_26933 4 1.041175 0.34365 0.3382166 0.3593084 0 0 0 0 0 0 0 0 0 0 0 0 0 0 0 0 0 0 0 0 0 0 0 0 0 1 27006.101 
sw106b004_26933 5 0.9650085 0.2995004 0.3194397 0.1918091 0.1542593 0 0 0 0 0 0 0 0 0 0 0 0 0 0 0 0 0 0 0 0 0 0 0 0 1 27009.7448 
sw106b004_26933 4 1.0445317 0.3547586 0.3370676 0.3527055 0 0 0 0 0 0 0 0 0 0 0 0 0 0 0 0 0 0 0 0 0 0 0 0 0 2 27010.4581 
sw106b004_26933 5 0.969575 0.3267333 0.2984333 0.1693917 0.1750167 0 0 0 0 0 0 0 0 0 0 0 0 0 0 0 0 0 0 0 0 0 0 0 0 1 27014.0604 
