sw100b001_131 5 0.309646 0.0793969 0.0933549 0.0706096 0.0662846 0 0 0 0 0 0 0 0 0 0 0 0 0 0 0 0 0 0 0 0 0 0 0 0 2 136.3017 
sw100b001_131 5 0.3006584 0.0834334 0.0819916 0.0707917 0.0644417 0 0 0 0 0 0 0 0 0 0 0 0 0 0 0 0 0 0 0 0 0 0 0 0 1 140.8842 
sw100b001_131 5 0.3068381 0.0777888 0.0895632 0.0738801 0.065606 0 0 0 0 0 0 0 0 0 0 0 0 0 0 0 0 0 0 0 0 0 0 0 0 2 141.4264 
sw100b001_131 5 0.3175329 0.0940519 0.0864443 0.0777866 0.0592501 0 0 0 0 0 0 0 0 0 0 0 0 0 0 0 0 0 0 0 0 0 0 0 0 2 145.8432 
sw100b001_131 5 0.68315 0.208775 0.2211583 0.1378417 0.115375 0 0 0 0 0 0 0 0 0 0 0 0 0 0 0 0 0 0 0 0 0 0 0 0 1 145.9218 
sw100b001_131 5 0.3137475 0.0921399 0.0876418 0.0763222 0.0576436 0 0 0 0 0 0 0 0 0 0 0 0 0 0 0 0 0 0 0 0 0 0 0 0 2 150.3968 
sw100b001_131 5 0.7081417 0.208375 0.21955 0.1551083 0.1251084 0 0 0 0 0 0 0 0 0 0 0 0 0 0 0 0 0 0 0 0 0 0 0 0 1 150.5765 
sw100b001_131 5 0.3096709 0.0939641 0.0839527 0.0626255 0.0691286 0 0 0 0 0 0 0 0 0 0 0 0 0 0 0 0 0 0 0 0 0 0 0 0 2 154.5892 
sw100b001_131 5 0.7281333 0.212475 0.2279917 0.1568 0.1308666 0 0 0 0 0 0 0 0 0 0 0 0 0 0 0 0 0 0 0 0 0 0 0 0 1 154.6989 
sw100b001_131 5 0.73281 0.2148802 0.2293978 0.1557566 0.1327754 0 0 0 0 0 0 0 0 0 0 0 0 0 0 0 0 0 0 0 0 0 0 0 0 1 158.5429 
sw100b001_131 5 0.7404793 0.2112474 0.2455752 0.1596501 0.1240066 0 0 0 0 0 0 0 0 0 0 0 0 0 0 0 0 0 0 0 0 0 0 0 0 2 158.8947 
sw100b001_131 5 0.7402584 0.2141667 0.2371417 0.1562083 0.1327417 0 0 0 0 0 0 0 0 0 0 0 0 0 0 0 0 0 0 0 0 0 0 0 0 1 162.5588 
sw100b001_131 5 0.7388 0.220175 0.2317083 0.156575 0.1303417 0 0 0 0 0 0 0 0 0 0 0 0 0 0 0 0 0 0 0 0 0 0 0 0 1 167.4031 
sw100b001_131 5 0.7183584 0.2099917 0.2323917 0.1489666 0.1270084 0 0 0 0 0 0 0 0 0 0 0 0 0 0 0 0 0 0 0 0 0 0 0 0 1 171.7733 
sw100b001_131 5 0.3141753 0.0912401 0.0853015 0.0733419 0.0642918 0 0 0 0 0 0 0 0 0 0 0 0 0 0 0 0 0 0 0 0 0 0 0 0 2 172.9094 
sw100b001_131 5 0.7383083 0.2216167 0.2372166 0.1493667 0.1301083 0 0 0 0 0 0 0 0 0 0 0 0 0 0 0 0 0 0 0 0 0 0 0 0 1 176.4332 
sw100b001_131 5 0.3243484 0.0891491 0.0852374 0.0751394 0.0748225 0 0 0 0 0 0 0 0 0 0 0 0 0 0 0 0 0 0 0 0 0 0 0 0 2 177.0345 
sw100b001_131 5 0.7345833 0.2158083 0.2318667 0.1551416 0.1317667 0 0 0 0 0 0 0 0 0 0 0 0 0 0 0 0 0 0 0 0 0 0 0 0 1 180.6926 
sw100b001_131 5 0.3278806 0.1007251 0.0789634 0.076178 0.0720141 0 0 0 0 0 0 0 0 0 0 0 0 0 0 0 0 0 0 0 0 0 0 0 0 2 181.0396 
sw100b001_131 5 0.7225417 0.2163667 0.2278667 0.1441666 0.1341417 0 0 0 0 0 0 0 0 0 0 0 0 0 0 0 0 0 0 0 0 0 0 0 0 1 185.36 
sw100b001_131 5 0.3166036 0.0930584 0.0815947 0.0714902 0.0704603 0 0 0 0 0 0 0 0 0 0 0 0 0 0 0 0 0 0 0 0 0 0 0 0 2 185.64 
sw100b001_131 5 0.3194618 0.0977479 0.0835569 0.0714805 0.0666765 0 0 0 0 0 0 0 0 0 0 0 0 0 0 0 0 0 0 0 0 0 0 0 0 2 189.9119 
sw100b001_131 5 0.71765 0.2088083 0.2241167 0.15305 0.131675 0 0 0 0 0 0 0 0 0 0 0 0 0 0 0 0 0 0 0 0 0 0 0 0 1 189.9309 
sw100b001_131 5 0.310925 0.08575 0.0885167 0.0646833 0.071975 0 0 0 0 0 0 0 0 0 0 0 0 0 0 0 0 0 0 0 0 0 0 0 0 3 194.6202 
sw100b001_131 5 0.3168738 0.0964852 0.0830113 0.0686827 0.0686946 0 0 0 0 0 0 0 0 0 0 0 0 0 0 0 0 0 0 0 0 0 0 0 0 2 199.2431 
sw100b001_131 5 0.2999083 0.0873333 0.0791083 0.068175 0.0652917 0 0 0 0 0 0 0 0 0 0 0 0 0 0 0 0 0 0 0 0 0 0 0 0 1 199.5781 
sw100b001_131 5 0.3130794 0.0874177 0.0869589 0.0765055 0.0621973 0 0 0 0 0 0 0 0 0 0 0 0 0 0 0 0 0 0 0 0 0 0 0 0 2 204.1504 
sw100b001_131 5 0.299704 0.0826963 0.0771722 0.069809 0.0700265 0 0 0 0 0 0 0 0 0 0 0 0 0 0 0 0 0 0 0 0 0 0 0 0 1 204.1828 
sw100b001_131 5 0.3204871 0.0985355 0.0766988 0.0754806 0.0697722 0 0 0 0 0 0 0 0 0 0 0 0 0 0 0 0 0 0 0 0 0 0 0 0 2 208.5567 
sw100b001_131 5 0.2994296 0.0831905 0.0778053 0.070349 0.0680848 0 0 0 0 0 0 0 0 0 0 0 0 0 0 0 0 0 0 0 0 0 0 0 0 1 208.7242 
sw100b001_131 5 0.3085249 0.0845583 0.0815583 0.072175 0.0702333 0 0 0 0 0 0 0 0 0 0 0 0 0 0 0 0 0 0 0 0 0 0 0 0 2 212.9932 
sw100b001_131 5 0.3062916 0.0868333 0.080175 0.070275 0.0690083 0 0 0 0 0 0 0 0 0 0 0 0 0 0 0 0 0 0 0 0 0 0 0 0 2 217.3383 
