sw106a004_30827 5 1.3695083 0.4992 0.4658833 0.2010917 0.2033333 0 0 0 0 0 0 0 0 0 0 0 0 0 0 0 0 0 0 0 0 0 0 0 0 1 30832.5912 
sw106a004_30827 5 1.3552619 0.4889237 0.4657617 0.1987629 0.2018136 0 0 0 0 0 0 0 0 0 0 0 0 0 0 0 0 0 0 0 0 0 0 0 0 1 30842.4579 
sw106a004_30827 5 1.3196939 0.486876 0.4406807 0.186674 0.2054632 0 0 0 0 0 0 0 0 0 0 0 0 0 0 0 0 0 0 0 0 0 0 0 0 1 30846.7923 
sw106a004_30827 5 1.29595 0.4639166 0.4465417 0.1717417 0.21375 0 0 0 0 0 0 0 0 0 0 0 0 0 0 0 0 0 0 0 0 0 0 0 0 1 30852.0521 
sw106a004_30827 5 0.7009417 0.0779917 0.1657666 0.1901917 0.2669917 0 0 0 0 0 0 0 0 0 0 0 0 0 0 0 0 0 0 0 0 0 0 0 0 1 30860.7853 
sw106a004_30827 6 0.934675 0.0364167 0.3101083 0.172875 0.17105 0.244225 0 0 0 0 0 0 0 0 0 0 0 0 0 0 0 0 0 0 0 0 0 0 0 1 30865.2795 
sw106a004_30827 9 1.7066556 0.4644472 0.3554584 0.1378333 0.12275 0.1295083 0.1395667 0.1535 0.2035917 0 0 0 0 0 0 0 0 0 0 0 0 0 0 0 0 0 0 0 0 2 30876.2511 
sw106a004_30827 4 1.137375 0.4031583 0.36025 0.3739667 0 0 0 0 0 0 0 0 0 0 0 0 0 0 0 0 0 0 0 0 0 0 0 0 0 1 30880.9584 
sw106a004_30827 9 1.5466 0.4553917 0.336625 0.1250583 0.1015917 0.1233333 0.1212583 0.1275167 0.155825 0 0 0 0 0 0 0 0 0 0 0 0 0 0 0 0 0 0 0 0 2 30881.0453 
sw106a004_30827 4 1.1313223 0.3866577 0.3759365 0.3687281 0 0 0 0 0 0 0 0 0 0 0 0 0 0 0 0 0 0 0 0 0 0 0 0 0 2 30888.597 
sw106a004_30827 5 1.1109667 0.400675 0.364125 0.1770834 0.1690833 0 0 0 0 0 0 0 0 0 0 0 0 0 0 0 0 0 0 0 0 0 0 0 0 1 30888.7637 
sw106a004_30827 4 1.1274667 0.3765417 0.3664083 0.3845167 0 0 0 0 0 0 0 0 0 0 0 0 0 0 0 0 0 0 0 0 0 0 0 0 0 2 30895.1941 
sw106a004_30827 5 1.1351917 0.4075417 0.3567666 0.199 0.1718834 0 0 0 0 0 0 0 0 0 0 0 0 0 0 0 0 0 0 0 0 0 0 0 0 1 30895.316 
sw106a004_30827 5 1.1714 0.397125 0.3956833 0.1959834 0.1826083 0 0 0 0 0 0 0 0 0 0 0 0 0 0 0 0 0 0 0 0 0 0 0 0 1 30899.82 
sw106a004_30827 4 1.1274417 0.3820417 0.3696333 0.3757667 0 0 0 0 0 0 0 0 0 0 0 0 0 0 0 0 0 0 0 0 0 0 0 0 0 1 30903.8823 
sw106a004_30827 5 1.1556334 0.3855667 0.378475 0.2139583 0.1776334 0 0 0 0 0 0 0 0 0 0 0 0 0 0 0 0 0 0 0 0 0 0 0 0 1 30908.0901 
sw106a004_30827 4 1.125195 0.3902099 0.3693969 0.3655882 0 0 0 0 0 0 0 0 0 0 0 0 0 0 0 0 0 0 0 0 0 0 0 0 0 1 30912.8881 
sw106a004_30827 23 1.28625 0.037325 0.0401667 0.0450833 0.0515667 0.0416083 0.045375 0.0409917 0.0414583 0.0391917 0.0383166 0.038925 0.0379 0.0374167 0.0386247 0.0403753 0.04165 0.047175 0.057625 0.075825 0.0970727 0.138869 0.2137083 0 0 0 0 0 0 2 30913.077 
sw106a004_30827 4 1.1164636 0.3820878 0.3485366 0.3858392 0 0 0 0 0 0 0 0 0 0 0 0 0 0 0 0 0 0 0 0 0 0 0 0 0 1 30920.9361 
sw106a004_30827 23 1.2950166 0.0364333 0.042075 0.0511083 0.0500084 0.0409416 0.0411834 0.040275 0.0379128 0.0370705 0.0367583 0.036575 0.0370584 0.03805 0.0398333 0.0420333 0.043825 0.0586622 0.0726045 0.0793917 0.1064416 0.1374417 0.1893333 0 0 0 0 0 0 2 30921.3355 
sw106a004_30827 24 1.3543084 0.03155 0.0415 0.0410917 0.0544917 0.0425833 0.0459917 0.0402166 0.043875 0.03985 0.0406917 0.0402 0.0389333 0.038175 0.0408167 0.041 0.043875 0.04995 0.0532417 0.0616922 0.0781994 0.0894417 0.141625 0.2153167 0 0 0 0 0 2 30929.273 
sw106a004_30827 4 1.1598084 0.3956834 0.3684083 0.3957167 0 0 0 0 0 0 0 0 0 0 0 0 0 0 0 0 0 0 0 0 0 0 0 0 0 1 30930.0969 
sw106a004_30827 4 1.1430333 0.38355 0.380475 0.3790083 0 0 0 0 0 0 0 0 0 0 0 0 0 0 0 0 0 0 0 0 0 0 0 0 0 1 30937.8553 
sw106a004_30827 25 1.2604084 0.0346117 0.039305 0.0482611 0.0511389 0.0409833 0.0390417 0.0440333 0.0396917 0.0392 0.0394 0.0387167 0.0378416 0.0376334 0.0389948 0.0404052 0.041125 0.0433557 0.0009075 0.0515868 0.0607333 0.078775 0.09125 0.134875 0.1485417 0 0 0 0 2 30938.3046 
sw106a004_30827 22 1.2108453 0.0367996 0.0409413 0.0517711 0.0577043 0.0424646 0.0410896 0.0417945 0.0398262 0.0392329 0.0384429 0.0383181 0.0373278 0.0373096 0.0405396 0.0419279 0.0448829 0.0570311 0.0674642 0.0841707 0.136327 0.1954794 0 0 0 0 0 0 0 2 30944.5654 
sw106a004_30827 23 1.2793876 0.0366706 0.0379456 0.0433592 0.0548767 0.0438297 0.0432418 0.0427093 0.046738 0.0367039 0.040513 0.0406964 0.039166 0.0406001 0.0413009 0.0418631 0.0428047 0.0500963 0.05681 0.0787253 0.0825132 0.1419406 0.1962832 0 0 0 0 0 0 2 30951.1717 
sw106a004_30827 23 1.1675435 0.0309842 0.0370539 0.0414399 0.0506316 0.0466653 0.0459152 0.0415173 0.0441512 0.0418899 0.0411123 0.0411592 0.0393179 0.0394619 0.0440483 0.0369566 0.0431652 0.0468982 0.0510236 0.0659572 0.0838855 0.0993301 0.154979 0 0 0 0 0 0 2 30956.4676 
sw106a004_30827 5 1.1213667 0.3707917 0.387775 0.22175 0.14105 0 0 0 0 0 0 0 0 0 0 0 0 0 0 0 0 0 0 0 0 0 0 0 0 1 30965.3889 
