sw100a002_9490 5 1.2564395 0.4657407 0.427064 0.1760379 0.1875969 0 0 0 0 0 0 0 0 0 0 0 0 0 0 0 0 0 0 0 0 0 0 0 0 2 9494.9027 
sw100a002_9490 5 1.4175833 0.4974083 0.4689 0.2324417 0.2188333 0 0 0 0 0 0 0 0 0 0 0 0 0 0 0 0 0 0 0 0 0 0 0 0 1 9497.9152 
sw100a002_9490 5 1.3804084 0.4909667 0.444025 0.2332417 0.212175 0 0 0 0 0 0 0 0 0 0 0 0 0 0 0 0 0 0 0 0 0 0 0 0 1 9501.9281 
sw100a002_9490 5 1.2620331 0.481869 0.4106834 0.1743016 0.1951791 0 0 0 0 0 0 0 0 0 0 0 0 0 0 0 0 0 0 0 0 0 0 0 0 2 9502.419 
sw100a002_9490 5 1.4151532 0.5065167 0.4753416 0.2219417 0.2113532 0 0 0 0 0 0 0 0 0 0 0 0 0 0 0 0 0 0 0 0 0 0 0 0 1 9505.8276 
sw100a002_9490 5 1.2705491 0.4885134 0.424209 0.1751162 0.1827105 0 0 0 0 0 0 0 0 0 0 0 0 0 0 0 0 0 0 0 0 0 0 0 0 2 9506.8095 
sw100a002_9490 5 1.4123083 0.4897666 0.4819583 0.2188334 0.22175 0 0 0 0 0 0 0 0 0 0 0 0 0 0 0 0 0 0 0 0 0 0 0 0 1 9510.1197 
sw100a002_9490 5 1.2431167 0.4645467 0.4205717 0.1842433 0.173755 0 0 0 0 0 0 0 0 0 0 0 0 0 0 0 0 0 0 0 0 0 0 0 0 2 9510.9687 
sw100a002_9490 5 1.3934416 0.4888416 0.4646167 0.2257166 0.2142667 0 0 0 0 0 0 0 0 0 0 0 0 0 0 0 0 0 0 0 0 0 0 0 0 1 9513.9619 
sw100a002_9490 5 1.212057 0.4483868 0.4227097 0.1586781 0.1822824 0 0 0 0 0 0 0 0 0 0 0 0 0 0 0 0 0 0 0 0 0 0 0 0 2 9514.4104 
sw100a002_9490 5 1.39545 0.4792917 0.4767499 0.2250334 0.214375 0 0 0 0 0 0 0 0 0 0 0 0 0 0 0 0 0 0 0 0 0 0 0 0 1 9517.902 
sw100a002_9490 5 1.2285241 0.4609279 0.4093109 0.1688178 0.1894675 0 0 0 0 0 0 0 0 0 0 0 0 0 0 0 0 0 0 0 0 0 0 0 0 2 9518.6222 
sw100a002_9490 5 1.408525 0.4890666 0.4769334 0.23 0.212525 0 0 0 0 0 0 0 0 0 0 0 0 0 0 0 0 0 0 0 0 0 0 0 0 1 9521.5726 
sw100a002_9490 5 1.1860551 0.4662712 0.3944647 0.149984 0.1753352 0 0 0 0 0 0 0 0 0 0 0 0 0 0 0 0 0 0 0 0 0 0 0 0 2 9522.3667 
sw100a002_9490 5 1.389875 0.483975 0.46515 0.223025 0.217725 0 0 0 0 0 0 0 0 0 0 0 0 0 0 0 0 0 0 0 0 0 0 0 0 1 9525.3286 
sw100a002_9490 5 1.2197844 0.4580683 0.4071836 0.1743971 0.1801354 0 0 0 0 0 0 0 0 0 0 0 0 0 0 0 0 0 0 0 0 0 0 0 0 2 9526.7185 
sw100a002_9490 5 1.4082833 0.4834583 0.4634083 0.2630584 0.1983583 0 0 0 0 0 0 0 0 0 0 0 0 0 0 0 0 0 0 0 0 0 0 0 0 1 9529.2636 
sw100a002_9490 5 1.2695 0.4718417 0.4276417 0.1843416 0.185675 0 0 0 0 0 0 0 0 0 0 0 0 0 0 0 0 0 0 0 0 0 0 0 0 2 9533.7222 
