sw100b003 5 1.3756167 0.4777334 0.4523916 0.23465 0.2108417 0 0 0 0 0 0 0 0 0 0 0 0 0 0 0 0 0 0 0 0 0 0 0 0 2 18342.7865 
sw100b003 5 1.3412584 0.4924584 0.4439166 0.2117584 0.193125 0 0 0 0 0 0 0 0 0 0 0 0 0 0 0 0 0 0 0 0 0 0 0 0 3 18346.7667 
sw100b003 5 1.3589508 0.4724133 0.4545187 0.2238585 0.2081603 0 0 0 0 0 0 0 0 0 0 0 0 0 0 0 0 0 0 0 0 0 0 0 0 2 18346.8409 
sw100b003 5 1.3669084 0.4765 0.4406417 0.2402083 0.2095584 0 0 0 0 0 0 0 0 0 0 0 0 0 0 0 0 0 0 0 0 0 0 0 0 2 18350.8849 
sw100b003 5 1.38525 0.4826 0.4550584 0.2392333 0.2083583 0 0 0 0 0 0 0 0 0 0 0 0 0 0 0 0 0 0 0 0 0 0 0 0 2 18354.9873 
sw100b003 5 1.3218833 0.4566833 0.4383917 0.2246333 0.202175 0 0 0 0 0 0 0 0 0 0 0 0 0 0 0 0 0 0 0 0 0 0 0 0 2 18359.477 
sw100b003 5 1.3217167 0.4544667 0.4315916 0.2363917 0.1992667 0 0 0 0 0 0 0 0 0 0 0 0 0 0 0 0 0 0 0 0 0 0 0 0 2 18363.7622 
sw100b003 5 1.3160167 0.4454167 0.4345667 0.2224833 0.21355 0 0 0 0 0 0 0 0 0 0 0 0 0 0 0 0 0 0 0 0 0 0 0 0 2 18368.3268 
sw100b003 5 1.2824833 0.4338667 0.4259916 0.2189584 0.2036666 0 0 0 0 0 0 0 0 0 0 0 0 0 0 0 0 0 0 0 0 0 0 0 0 2 18373.0137 
sw100b003 5 1.2882 0.4312333 0.4293083 0.2205 0.2071584 0 0 0 0 0 0 0 0 0 0 0 0 0 0 0 0 0 0 0 0 0 0 0 0 2 18377.3466 
sw100b003 5 1.2742583 0.439475 0.4142167 0.2184583 0.2021083 0 0 0 0 0 0 0 0 0 0 0 0 0 0 0 0 0 0 0 0 0 0 0 0 2 18381.5551 
sw100b003 5 1.2982084 0.4340584 0.4250666 0.241325 0.1977584 0 0 0 0 0 0 0 0 0 0 0 0 0 0 0 0 0 0 0 0 0 0 0 0 2 18385.8837 
sw100b003 5 1.2977289 0.4655803 0.4579985 0.1771455 0.1970046 0 0 0 0 0 0 0 0 0 0 0 0 0 0 0 0 0 0 0 0 0 0 0 0 2 18389.6129 
sw100b003 5 1.3169834 0.459225 0.4505834 0.2062416 0.2009334 0 0 0 0 0 0 0 0 0 0 0 0 0 0 0 0 0 0 0 0 0 0 0 0 2 18397.8111 
sw100b003 5 1.408475 0.475175 0.4773083 0.22755 0.2284417 0 0 0 0 0 0 0 0 0 0 0 0 0 0 0 0 0 0 0 0 0 0 0 0 3 18404.9878 
sw100b003 5 1.2940212 0.4548581 0.4467778 0.2071692 0.1852161 0 0 0 0 0 0 0 0 0 0 0 0 0 0 0 0 0 0 0 0 0 0 0 0 2 18409.5609 
sw100b003 5 1.401385 0.4874477 0.4692676 0.2317515 0.2129182 0 0 0 0 0 0 0 0 0 0 0 0 0 0 0 0 0 0 0 0 0 0 0 0 3 18409.5609 
sw100b003 5 1.2852436 0.4286981 0.454853 0.2122882 0.1894043 0 0 0 0 0 0 0 0 0 0 0 0 0 0 0 0 0 0 0 0 0 0 0 0 2 18413.2826 
sw100b003 5 1.3626674 0.464263 0.4485469 0.2357049 0.2141526 0 0 0 0 0 0 0 0 0 0 0 0 0 0 0 0 0 0 0 0 0 0 0 0 3 18413.8019 
sw100b003 5 1.2662759 0.427039 0.444478 0.2117541 0.1830048 0 0 0 0 0 0 0 0 0 0 0 0 0 0 0 0 0 0 0 0 0 0 0 0 2 18417.4982 
sw100b003 5 1.383034 0.4866351 0.4654241 0.2124304 0.2185444 0 0 0 0 0 0 0 0 0 0 0 0 0 0 0 0 0 0 0 0 0 0 0 0 3 18417.6935 
sw100b003 5 1.2768244 0.4480091 0.434869 0.2071117 0.1868346 0 0 0 0 0 0 0 0 0 0 0 0 0 0 0 0 0 0 0 0 0 0 0 0 2 18421.7163 
sw100b003 5 1.3467232 0.4664188 0.4586433 0.2079511 0.21371 0 0 0 0 0 0 0 0 0 0 0 0 0 0 0 0 0 0 0 0 0 0 0 0 3 18421.9527 
sw100b003 5 1.3560833 0.4810417 0.4648916 0.2016 0.20855 0 0 0 0 0 0 0 0 0 0 0 0 0 0 0 0 0 0 0 0 0 0 0 0 2 18430.8304 
sw100b003 5 1.3576084 0.4859084 0.4574166 0.1996084 0.214675 0 0 0 0 0 0 0 0 0 0 0 0 0 0 0 0 0 0 0 0 0 0 0 0 3 18434.6557 
sw100b003 5 1.3759654 0.4901616 0.454776 0.2155554 0.2154724 0 0 0 0 0 0 0 0 0 0 0 0 0 0 0 0 0 0 0 0 0 0 0 0 3 18438.9446 
sw100b003 5 1.2423349 0.4378444 0.4351196 0.1886728 0.1806981 0 0 0 0 0 0 0 0 0 0 0 0 0 0 0 0 0 0 0 0 0 0 0 0 2 18439.9184 
sw100b003 5 1.379418 0.4895831 0.4669307 0.2090879 0.2138163 0 0 0 0 0 0 0 0 0 0 0 0 0 0 0 0 0 0 0 0 0 0 0 0 3 18443.2714 
sw100b003 5 1.2596183 0.4431993 0.4445046 0.1781962 0.1937182 0 0 0 0 0 0 0 0 0 0 0 0 0 0 0 0 0 0 0 0 0 0 0 0 2 18445.6527 
sw100b003 5 1.4149031 0.4862756 0.4844167 0.1947629 0.2494479 0 0 0 0 0 0 0 0 0 0 0 0 0 0 0 0 0 0 0 0 0 0 0 0 3 18448.8443 
sw100b003 5 1.2806325 0.4299209 0.4704022 0.1863207 0.1939887 0 0 0 0 0 0 0 0 0 0 0 0 0 0 0 0 0 0 0 0 0 0 0 0 2 18449.7905 
sw100b003 5 1.3434949 0.4792169 0.452768 0.2057895 0.2057205 0 0 0 0 0 0 0 0 0 0 0 0 0 0 0 0 0 0 0 0 0 0 0 0 3 18453.8313 
sw100b003 5 1.2367657 0.4443767 0.4229941 0.1882157 0.1811792 0 0 0 0 0 0 0 0 0 0 0 0 0 0 0 0 0 0 0 0 0 0 0 0 2 18454.6039 
sw100b003 5 1.2491341 0.4513263 0.4159914 0.1950232 0.1867932 0 0 0 0 0 0 0 0 0 0 0 0 0 0 0 0 0 0 0 0 0 0 0 0 3 18459.2507 
sw100b003 5 1.319 0.4535417 0.4492 0.2078916 0.2083667 0 0 0 0 0 0 0 0 0 0 0 0 0 0 0 0 0 0 0 0 0 0 0 0 2 18467.2553 
sw100b003 5 1.347575 0.467525 0.437575 0.2300667 0.2124083 0 0 0 0 0 0 0 0 0 0 0 0 0 0 0 0 0 0 0 0 0 0 0 0 2 18471.7679 
sw100b003 5 1.3469834 0.469475 0.4480667 0.2227917 0.20665 0 0 0 0 0 0 0 0 0 0 0 0 0 0 0 0 0 0 0 0 0 0 0 0 2 18476.3012 
sw100b003 5 1.3207924 0.473997 0.4549702 0.2036626 0.1881626 0 0 0 0 0 0 0 0 0 0 0 0 0 0 0 0 0 0 0 0 0 0 0 0 3 18479.0258 
sw100b003 5 1.3134689 0.4490423 0.4301836 0.2347027 0.1995403 0 0 0 0 0 0 0 0 0 0 0 0 0 0 0 0 0 0 0 0 0 0 0 0 2 18480.3466 
sw100b003 5 1.3241784 0.4741946 0.4619003 0.1894626 0.1986209 0 0 0 0 0 0 0 0 0 0 0 0 0 0 0 0 0 0 0 0 0 0 0 0 3 18483.5035 
sw100b003 5 1.2880285 0.4526447 0.4313316 0.1991235 0.2049287 0 0 0 0 0 0 0 0 0 0 0 0 0 0 0 0 0 0 0 0 0 0 0 0 2 18484.2605 
sw100b003 5 1.2126503 0.4107331 0.3957779 0.214161 0.1919783 0 0 0 0 0 0 0 0 0 0 0 0 0 0 0 0 0 0 0 0 0 0 0 0 3 18488.9136 
sw100b003 5 1.2406292 0.4511789 0.4238955 0.1852175 0.1803373 0 0 0 0 0 0 0 0 0 0 0 0 0 0 0 0 0 0 0 0 0 0 0 0 2 18493.2224 
sw100b003 5 1.1621872 0.4004205 0.3916457 0.1917161 0.1784049 0 0 0 0 0 0 0 0 0 0 0 0 0 0 0 0 0 0 0 0 0 0 0 0 3 18493.3257 
sw100b003 5 1.2537817 0.4523714 0.4264178 0.1853728 0.1896197 0 0 0 0 0 0 0 0 0 0 0 0 0 0 0 0 0 0 0 0 0 0 0 0 2 18497.4403 
sw100b003 5 1.1875911 0.4059994 0.3947833 0.2007 0.1861084 0 0 0 0 0 0 0 0 0 0 0 0 0 0 0 0 0 0 0 0 0 0 0 0 3 18497.5899 
sw100b003 5 1.2602102 0.4442569 0.4280714 0.2100734 0.1778085 0 0 0 0 0 0 0 0 0 0 0 0 0 0 0 0 0 0 0 0 0 0 0 0 2 18501.7713 
sw100b003 5 1.1914174 0.4099034 0.3933054 0.2162093 0.1719993 0 0 0 0 0 0 0 0 0 0 0 0 0 0 0 0 0 0 0 0 0 0 0 0 3 18501.8495 
sw100b003 5 1.2367464 0.4337486 0.4092646 0.2136605 0.1800727 0 0 0 0 0 0 0 0 0 0 0 0 0 0 0 0 0 0 0 0 0 0 0 0 2 18505.6558 
sw100b003 5 1.1822317 0.4126499 0.3803929 0.2229445 0.1662444 0 0 0 0 0 0 0 0 0 0 0 0 0 0 0 0 0 0 0 0 0 0 0 0 3 18505.9194 
sw100b003 5 1.1942862 0.4039047 0.3961419 0.2070334 0.1872062 0 0 0 0 0 0 0 0 0 0 0 0 0 0 0 0 0 0 0 0 0 0 0 0 3 18509.9745 
sw100b003 5 1.2299142 0.4138225 0.4062167 0.2185916 0.1912834 0 0 0 0 0 0 0 0 0 0 0 0 0 0 0 0 0 0 0 0 0 0 0 0 3 18514.1597 
sw100b003 5 1.2511417 0.4245917 0.4183667 0.213925 0.1942583 0 0 0 0 0 0 0 0 0 0 0 0 0 0 0 0 0 0 0 0 0 0 0 0 3 18518.2259 
sw100b003 5 1.2969167 0.4407833 0.41605 0.234575 0.2055084 0 0 0 0 0 0 0 0 0 0 0 0 0 0 0 0 0 0 0 0 0 0 0 0 3 18522.4948 
sw100b003 8 0.3454833 0.0452917 0.0457166 0.0536167 0.05245 0.0510166 0.047075 0.0503167 0 0 0 0 0 0 0 0 0 0 0 0 0 0 0 0 0 0 0 0 0 1 19052.0166 
sw100b003 8 0.3718167 0.059 0.0541834 0.053225 0.050475 0.0467916 0.047575 0.0605667 0 0 0 0 0 0 0 0 0 0 0 0 0 0 0 0 0 0 0 0 0 1 19057.0793 
sw100b003 5 0.313525 0.0978417 0.0871416 0.069325 0.0592167 0 0 0 0 0 0 0 0 0 0 0 0 0 0 0 0 0 0 0 0 0 0 0 0 1 19061.963 
sw100b003 5 0.7801331 0.2382453 0.2453153 0.1717759 0.1247966 0 0 0 0 0 0 0 0 0 0 0 0 0 0 0 0 0 0 0 0 0 0 0 0 2 19062.2862 
sw100b003 5 0.3141238 0.0918584 0.0919916 0.0714167 0.0588571 0 0 0 0 0 0 0 0 0 0 0 0 0 0 0 0 0 0 0 0 0 0 0 0 1 19066.3329 
sw100b003 5 0.8024833 0.238175 0.27155 0.1606083 0.13215 0 0 0 0 0 0 0 0 0 0 0 0 0 0 0 0 0 0 0 0 0 0 0 0 2 19067.1903 
sw100b003 6 0.3860833 0.092825 0.1009833 0.0710167 0.0617916 0.0594667 0 0 0 0 0 0 0 0 0 0 0 0 0 0 0 0 0 0 0 0 0 0 0 1 19070.5419 
sw100b003 6 0.3664166 0.0982083 0.0761 0.07095 0.0601917 0.0609666 0 0 0 0 0 0 0 0 0 0 0 0 0 0 0 0 0 0 0 0 0 0 0 1 19075.2042 
sw100b003 5 0.790416 0.2470995 0.2488044 0.1590892 0.1354229 0 0 0 0 0 0 0 0 0 0 0 0 0 0 0 0 0 0 0 0 0 0 0 0 2 19095.3658 
sw100b003 6 0.4215019 0.0828842 0.0881 0.0752333 0.0663584 0.108926 0 0 0 0 0 0 0 0 0 0 0 0 0 0 0 0 0 0 0 0 0 0 0 1 19095.8732 
sw100b003 5 0.7212899 0.2185705 0.2290729 0.1490741 0.1245724 0 0 0 0 0 0 0 0 0 0 0 0 0 0 0 0 0 0 0 0 0 0 0 0 2 19100.3548 
sw100b003 5 0.6940583 0.2018 0.2291916 0.1525167 0.11055 0 0 0 0 0 0 0 0 0 0 0 0 0 0 0 0 0 0 0 0 0 0 0 0 1 19100.4356 
sw100b003 5 0.6987031 0.2065096 0.2282154 0.147825 0.1161531 0 0 0 0 0 0 0 0 0 0 0 0 0 0 0 0 0 0 0 0 0 0 0 0 1 19104.6784 
sw100b003 5 0.7424465 0.2262811 0.2312275 0.1516926 0.1332453 0 0 0 0 0 0 0 0 0 0 0 0 0 0 0 0 0 0 0 0 0 0 0 0 2 19104.9029 
sw100b003 6 0.72046 0.1983594 0.0144221 0.234612 0.1524188 0.1206477 0 0 0 0 0 0 0 0 0 0 0 0 0 0 0 0 0 0 0 0 0 0 0 1 19109.4508 
sw100b003 5 0.7578755 0.2256143 0.2372393 0.1556928 0.1393291 0 0 0 0 0 0 0 0 0 0 0 0 0 0 0 0 0 0 0 0 0 0 0 0 2 19109.501 
sw100b003 5 0.7228134 0.2052256 0.2375139 0.1495185 0.1305554 0 0 0 0 0 0 0 0 0 0 0 0 0 0 0 0 0 0 0 0 0 0 0 0 1 19113.1703 
sw100b003 5 0.7827077 0.2370116 0.2459364 0.1613573 0.1384024 0 0 0 0 0 0 0 0 0 0 0 0 0 0 0 0 0 0 0 0 0 0 0 0 2 19113.6906 
