sw100b002 5 1.1290917 0.3678167 0.377275 0.2046333 0.1793667 0 0 0 0 0 0 0 0 0 0 0 0 0 0 0 0 0 0 0 0 0 0 0 0 2 10040.4059 
sw100b002 5 1.0294666 0.340975 0.3207083 0.1974917 0.1702916 0 0 0 0 0 0 0 0 0 0 0 0 0 0 0 0 0 0 0 0 0 0 0 0 2 10042.7386 
sw100b002 5 0.3137785 0.0613075 0.0891545 0.0545772 0.1087393 0 0 0 0 0 0 0 0 0 0 0 0 0 0 0 0 0 0 0 0 0 0 0 0 3 10047.9762 
sw100b002 5 1.011325 0.345875 0.304075 0.2022917 0.1590833 0 0 0 0 0 0 0 0 0 0 0 0 0 0 0 0 0 0 0 0 0 0 0 0 2 10049.7249 
sw100b002 18 0.9976667 0.0390834 0.044375 0.0501166 0.049325 0.0453917 0.0555167 0.0303416 0.0423667 0.0417417 0.0414416 0.0413834 0.0451 0.04395 0.0491166 0.06625 0.0905334 0.2216333 0 0 0 0 0 0 0 0 0 0 0 1 10049.7903 
sw100b002 19 0.9489584 0.0299417 0.0332167 0.0413583 0.0468667 0.05065 0.0428083 0.041375 0.0412333 0.0411 0.0390084 0.0405666 0.0465236 0.0353764 0.0467917 0.0549 0.0758583 0.0900108 0.1513726 0 0 0 0 0 0 0 0 0 0 1 10053.1538 
sw100b002 5 0.9588667 0.3156 0.3029334 0.1787583 0.161575 0 0 0 0 0 0 0 0 0 0 0 0 0 0 0 0 0 0 0 0 0 0 0 0 2 10053.3329 
sw100b002 5 0.8684333 0.2784333 0.2880917 0.162625 0.1392833 0 0 0 0 0 0 0 0 0 0 0 0 0 0 0 0 0 0 0 0 0 0 0 0 1 10056.6651 
sw100b002 4 0.7167533 0.2589143 0.2728934 0.1849456 0 0 0 0 0 0 0 0 0 0 0 0 0 0 0 0 0 0 0 0 0 0 0 0 0 2 10060.3033 
sw100b002 5 0.9778728 0.3221485 0.323208 0.1865748 0.1459415 0 0 0 0 0 0 0 0 0 0 0 0 0 0 0 0 0 0 0 0 0 0 0 0 1 10060.3185 
sw100b002 5 0.8301261 0.2531622 0.2707872 0.1729393 0.1332374 0 0 0 0 0 0 0 0 0 0 0 0 0 0 0 0 0 0 0 0 0 0 0 0 1 10063.7935 
sw100b002 5 0.9435781 0.3100559 0.3018913 0.1825477 0.1490832 0 0 0 0 0 0 0 0 0 0 0 0 0 0 0 0 0 0 0 0 0 0 0 0 2 10063.7935 
sw100b002 5 0.9218497 0.3035941 0.2766616 0.1885692 0.1530248 0 0 0 0 0 0 0 0 0 0 0 0 0 0 0 0 0 0 0 0 0 0 0 0 2 10067.208 
sw100b002 5 0.814326 0.2492886 0.2558553 0.1676712 0.1415109 0 0 0 0 0 0 0 0 0 0 0 0 0 0 0 0 0 0 0 0 0 0 0 0 1 10067.539 
sw100b002 5 0.8012167 0.2331417 0.26385 0.1782833 0.1259417 0 0 0 0 0 0 0 0 0 0 0 0 0 0 0 0 0 0 0 0 0 0 0 0 1 10071.0229 
sw100b002 8 1.2051318 0.2878168 0.1391313 0.1680738 0.1557118 0.1520936 0.1462973 0.1560072 0 0 0 0 0 0 0 0 0 0 0 0 0 0 0 0 0 0 0 0 0 2 10074.2345 
sw100b002 5 0.7796557 0.238364 0.2496834 0.150875 0.1407333 0 0 0 0 0 0 0 0 0 0 0 0 0 0 0 0 0 0 0 0 0 0 0 0 1 10074.541 
sw100b002 5 0.7907666 0.2299 0.2674916 0.1593417 0.1340333 0 0 0 0 0 0 0 0 0 0 0 0 0 0 0 0 0 0 0 0 0 0 0 0 1 10077.5913 
sw100b002 10 1.4294844 0.1821369 0.1112422 0.1832811 0.1663729 0.1519939 0.1511483 0.1617076 0.1505497 0.1710518 0 0 0 0 0 0 0 0 0 0 0 0 0 0 0 0 0 0 0 2 10078.0887 
sw100b002 5 0.7599333 0.2281166 0.2502667 0.153625 0.127925 0 0 0 0 0 0 0 0 0 0 0 0 0 0 0 0 0 0 0 0 0 0 0 0 1 10081.6343 
sw100b002 7 1.0600925 0.2653684 0.1681019 0.160906 0.1539707 0.1547332 0.1570123 0 0 0 0 0 0 0 0 0 0 0 0 0 0 0 0 0 0 0 0 0 0 2 10085.6512 
sw100b002 5 0.7598417 0.2482083 0.2304084 0.1501487 0.1310763 0 0 0 0 0 0 0 0 0 0 0 0 0 0 0 0 0 0 0 0 0 0 0 0 1 10085.9514 
sw100b002 5 0.761675 0.2257333 0.2393 0.1678334 0.1288083 0 0 0 0 0 0 0 0 0 0 0 0 0 0 0 0 0 0 0 0 0 0 0 0 1 10089.1089 
sw100b002 8 1.2213132 0.2818185 0.1531873 0.1616831 0.1510769 0.1526644 0.153854 0.167029 0 0 0 0 0 0 0 0 0 0 0 0 0 0 0 0 0 0 0 0 0 2 10089.2739 
sw100b002 5 0.7832083 0.2357917 0.2450916 0.1734417 0.1288833 0 0 0 0 0 0 0 0 0 0 0 0 0 0 0 0 0 0 0 0 0 0 0 0 1 10092.857 
sw100b002 8 1.4085858 0.2850558 0.3201872 0.1565957 0.1485518 0.1452353 0.1342373 0.2187227 0 0 0 0 0 0 0 0 0 0 0 0 0 0 0 0 0 0 0 0 0 2 10096.4006 
sw100b002 5 0.7492084 0.2290667 0.240675 0.1452333 0.1342334 0 0 0 0 0 0 0 0 0 0 0 0 0 0 0 0 0 0 0 0 0 0 0 0 1 10096.8413 
sw100b002 5 0.7906584 0.2424167 0.265425 0.1472333 0.1355834 0 0 0 0 0 0 0 0 0 0 0 0 0 0 0 0 0 0 0 0 0 0 0 0 1 10101.7749 
sw100b002 5 0.765075 0.2319333 0.245425 0.1513584 0.1363583 0 0 0 0 0 0 0 0 0 0 0 0 0 0 0 0 0 0 0 0 0 0 0 0 1 10105.3366 
sw100b002 9 1.4022983 0.3117183 0.1471416 0.1698581 0.1363644 0.1627644 0.1491248 0.1515935 0.1737332 0 0 0 0 0 0 0 0 0 0 0 0 0 0 0 0 0 0 0 0 2 10105.3366 
sw100b002 5 0.78165 0.2335917 0.2404417 0.1713166 0.1363 0 0 0 0 0 0 0 0 0 0 0 0 0 0 0 0 0 0 0 0 0 0 0 0 1 10108.4611 
sw100b002 5 0.768474 0.228274 0.2637336 0.1426505 0.1338159 0 0 0 0 0 0 0 0 0 0 0 0 0 0 0 0 0 0 0 0 0 0 0 0 1 10113.4326 
sw100b002 8 1.3046982 0.280569 0.1394505 0.1677858 0.1540519 0.1539395 0.1485081 0.2603934 0 0 0 0 0 0 0 0 0 0 0 0 0 0 0 0 0 0 0 0 0 2 10113.6472 
sw100b002 8 1.2404648 0.289258 0.1728743 0.1568976 0.1521498 0.1564542 0.1519206 0.1609103 0 0 0 0 0 0 0 0 0 0 0 0 0 0 0 0 0 0 0 0 0 2 10117.3682 
sw100b002 5 0.7639583 0.23165 0.2497833 0.15325 0.129275 0 0 0 0 0 0 0 0 0 0 0 0 0 0 0 0 0 0 0 0 0 0 0 0 1 10117.8238 
sw100b002 5 0.7959417 0.2464333 0.2525834 0.1595916 0.1373334 0 0 0 0 0 0 0 0 0 0 0 0 0 0 0 0 0 0 0 0 0 0 0 0 1 10121.7325 
sw100b002 8 1.28575 0.2863583 0.1755584 0.174575 0.1621 0.155375 0.1550666 0.1767167 0 0 0 0 0 0 0 0 0 0 0 0 0 0 0 0 0 0 0 0 0 2 10124.8378 
sw100b002 5 0.8056583 0.2519583 0.2599917 0.15815 0.1355583 0 0 0 0 0 0 0 0 0 0 0 0 0 0 0 0 0 0 0 0 0 0 0 0 1 10127.2326 
sw100b002 5 0.8082583 0.2567916 0.2451954 0.1700213 0.13625 0 0 0 0 0 0 0 0 0 0 0 0 0 0 0 0 0 0 0 0 0 0 0 0 1 10131.7706 
sw100b002 7 1.0741178 0.2964979 0.1485512 0.1656304 0.1537762 0.1517026 0.1579595 0 0 0 0 0 0 0 0 0 0 0 0 0 0 0 0 0 0 0 0 0 0 2 10132.2379 
sw100b002 5 0.8133 0.25635 0.25795 0.1532334 0.1457666 0 0 0 0 0 0 0 0 0 0 0 0 0 0 0 0 0 0 0 0 0 0 0 0 1 10136.9911 
sw100b002 8 1.2855083 0.2832667 0.1830916 0.1636417 0.15355 0.15245 0.151825 0.1976833 0 0 0 0 0 0 0 0 0 0 0 0 0 0 0 0 0 0 0 0 0 2 10139.6106 
sw100b002 5 0.8377 0.264075 0.2685333 0.1677417 0.13735 0 0 0 0 0 0 0 0 0 0 0 0 0 0 0 0 0 0 0 0 0 0 0 0 1 10142.3779 
sw100b002 8 1.2016667 0.2725167 0.1475167 0.1530333 0.1563083 0.1503834 0.1448083 0.1771 0 0 0 0 0 0 0 0 0 0 0 0 0 0 0 0 0 0 0 0 0 2 10147.9475 
sw100b002 5 0.85555 0.2779333 0.274375 0.1624584 0.1407833 0 0 0 0 0 0 0 0 0 0 0 0 0 0 0 0 0 0 0 0 0 0 0 0 1 10149.6866 
sw100b002 8 1.2806167 0.285175 0.1793167 0.1657416 0.1608417 0.159725 0.1533667 0.17645 0 0 0 0 0 0 0 0 0 0 0 0 0 0 0 0 0 0 0 0 0 2 10153.3962 
sw100b002 18 1.097 0.03745 0.04075 0.0543417 0.0447083 0.0438417 0.045125 0.0409083 0.0390417 0.040175 0.0401916 0.0405 0.0413 0.04695 0.118825 0.0763834 0.1274666 0.2190417 0 0 0 0 0 0 0 0 0 0 0 1 10158.9325 
