sw115b001_140 5 0.3341264 0.1076776 0.091387 0.0707869 0.0642749 0 0 0 0 0 0 0 0 0 0 0 0 0 0 0 0 0 0 0 0 0 0 0 0 2 149.1494 
sw115b001_140 5 0.3357077 0.1023411 0.0929431 0.0730322 0.0673913 0 0 0 0 0 0 0 0 0 0 0 0 0 0 0 0 0 0 0 0 0 0 0 0 2 154.7349 
sw115b001_140 5 0.3349 0.1033301 0.0949752 0.0698541 0.0667406 0 0 0 0 0 0 0 0 0 0 0 0 0 0 0 0 0 0 0 0 0 0 0 0 2 158.6726 
sw115b001_140 5 0.3261153 0.1027055 0.0818978 0.0699329 0.0715791 0 0 0 0 0 0 0 0 0 0 0 0 0 0 0 0 0 0 0 0 0 0 0 0 2 168.3724 
sw115b001_140 5 0.3226273 0.0973158 0.0882104 0.068796 0.0683051 0 0 0 0 0 0 0 0 0 0 0 0 0 0 0 0 0 0 0 0 0 0 0 0 3 173.7837 
sw115b001_140 5 0.3125829 0.0875612 0.0832971 0.0727612 0.0689634 0 0 0 0 0 0 0 0 0 0 0 0 0 0 0 0 0 0 0 0 0 0 0 0 2 174.294 
sw115b001_140 4 0.254256 0.09736 0.089784 0.067112 0 0 0 0 0 0 0 0 0 0 0 0 0 0 0 0 0 0 0 0 0 0 0 0 0 3 179.5563 
sw115b001_140 5 0.3158944 0.0807663 0.0845981 0.0747897 0.0757403 0 0 0 0 0 0 0 0 0 0 0 0 0 0 0 0 0 0 0 0 0 0 0 0 2 179.5564 
sw115b001_140 5 0.3322769 0.0841093 0.0965858 0.0778861 0.0736957 0 0 0 0 0 0 0 0 0 0 0 0 0 0 0 0 0 0 0 0 0 0 0 0 2 184.9206 
sw115b001_140 5 0.320792 0.094192 0.08896 0.068552 0.069088 0 0 0 0 0 0 0 0 0 0 0 0 0 0 0 0 0 0 0 0 0 0 0 0 3 185.0256 
sw115b001_140 5 0.3146759 0.0837988 0.0870926 0.0729709 0.0708136 0 0 0 0 0 0 0 0 0 0 0 0 0 0 0 0 0 0 0 0 0 0 0 0 2 190.6756 
sw115b001_140 5 0.342328 0.103488 0.089448 0.068096 0.081296 0 0 0 0 0 0 0 0 0 0 0 0 0 0 0 0 0 0 0 0 0 0 0 0 3 194.754 
sw115b001_140 5 0.3190069 0.0810063 0.0986425 0.0736204 0.0657377 0 0 0 0 0 0 0 0 0 0 0 0 0 0 0 0 0 0 0 0 0 0 0 0 2 194.9714 
sw115b001_140 5 0.314832 0.084328 0.08408 0.0722 0.074224 0 0 0 0 0 0 0 0 0 0 0 0 0 0 0 0 0 0 0 0 0 0 0 0 2 198.9419 
sw115b001_140 5 0.33048 0.094016 0.095256 0.073776 0.067432 0 0 0 0 0 0 0 0 0 0 0 0 0 0 0 0 0 0 0 0 0 0 0 0 3 199.6342 
sw115b001_140 5 0.3172738 0.084976 0.09016 0.071488 0.0706498 0 0 0 0 0 0 0 0 0 0 0 0 0 0 0 0 0 0 0 0 0 0 0 0 2 204.7074 
sw115b001_140 5 0.3148434 0.0875724 0.0868949 0.0716519 0.0687242 0 0 0 0 0 0 0 0 0 0 0 0 0 0 0 0 0 0 0 0 0 0 0 0 2 209.0575 
sw115b001_140 6 0.4012181 0.0883224 0.0862754 0.075935 0.0704441 0.0802412 0 0 0 0 0 0 0 0 0 0 0 0 0 0 0 0 0 0 0 0 0 0 0 2 216.5458 
sw115b001_140 8 0.3360262 0.0386438 0.0359059 0.0469979 0.0424071 0.0435906 0.0515471 0.0769338 0 0 0 0 0 0 0 0 0 0 0 0 0 0 0 0 0 0 0 0 0 3 217.7204 
sw115b001_140 7 0.3091909 0.0464578 0.0380313 0.038782 0.0647214 0.0377076 0.0834908 0 0 0 0 0 0 0 0 0 0 0 0 0 0 0 0 0 0 0 0 0 0 3 224.9406 
sw115b001_140 8 0.3506743 0.0315653 0.0363165 0.0411995 0.0458886 0.0495337 0.0598658 0.0863049 0 0 0 0 0 0 0 0 0 0 0 0 0 0 0 0 0 0 0 0 0 3 228.9519 
sw115b001_140 8 0.3168923 0.0344866 0.0420544 0.0412933 0.0429465 0.0453892 0.0508118 0.0599105 0 0 0 0 0 0 0 0 0 0 0 0 0 0 0 0 0 0 0 0 0 3 232.9847 
sw115b001_140 8 0.3588153 0.0326978 0.0481559 0.0371454 0.0533947 0.0494182 0.0609942 0.0770091 0 0 0 0 0 0 0 0 0 0 0 0 0 0 0 0 0 0 0 0 0 3 236.5621 
