sw114b001_3534 5 1.393725 0.5035083 0.4777167 0.2032833 0.2092167 0 0 0 0 0 0 0 0 0 0 0 0 0 0 0 0 0 0 0 0 0 0 0 0 2 3535.8049 
sw114b001_3534 5 1.42855 0.5058834 0.4724916 0.2215334 0.2286416 0 0 0 0 0 0 0 0 0 0 0 0 0 0 0 0 0 0 0 0 0 0 0 0 1 3539.2622 
sw114b001_3534 5 1.4810083 0.5160583 0.4955583 0.24335 0.2260417 0 0 0 0 0 0 0 0 0 0 0 0 0 0 0 0 0 0 0 0 0 0 0 0 1 3543.5107 
sw114b001_3534 5 1.345975 0.4706667 0.472075 0.1975 0.2057333 0 0 0 0 0 0 0 0 0 0 0 0 0 0 0 0 0 0 0 0 0 0 0 0 2 3545.96 
sw114b001_3534 5 1.4154667 0.5049667 0.4592333 0.2374834 0.2137833 0 0 0 0 0 0 0 0 0 0 0 0 0 0 0 0 0 0 0 0 0 0 0 0 1 3548.0571 
sw114b001_3534 5 1.2997833 0.4675416 0.4482834 0.1897166 0.1942417 0 0 0 0 0 0 0 0 0 0 0 0 0 0 0 0 0 0 0 0 0 0 0 0 2 3549.7836 
sw114b001_3534 5 1.441425 0.5131333 0.471975 0.2197584 0.2365583 0 0 0 0 0 0 0 0 0 0 0 0 0 0 0 0 0 0 0 0 0 0 0 0 1 3552.183 
sw114b001_3534 5 1.3016667 0.4608 0.451275 0.19 0.1995917 0 0 0 0 0 0 0 0 0 0 0 0 0 0 0 0 0 0 0 0 0 0 0 0 2 3553.5552 
sw114b001_3534 5 1.427875 0.5029334 0.4759333 0.20915 0.2398583 0 0 0 0 0 0 0 0 0 0 0 0 0 0 0 0 0 0 0 0 0 0 0 0 1 3556.0626 
sw114b001_3534 5 1.275275 0.4662917 0.43575 0.1851666 0.1880667 0 0 0 0 0 0 0 0 0 0 0 0 0 0 0 0 0 0 0 0 0 0 0 0 2 3557.7264 
sw114b001_3534 5 1.3927667 0.5052167 0.4516333 0.2049167 0.231 0 0 0 0 0 0 0 0 0 0 0 0 0 0 0 0 0 0 0 0 0 0 0 0 1 3560.0534 
sw114b001_3534 5 1.2806 0.4723833 0.4282584 0.203425 0.1765333 0 0 0 0 0 0 0 0 0 0 0 0 0 0 0 0 0 0 0 0 0 0 0 0 2 3561.9634 
sw114b001_3534 5 1.4139 0.5075167 0.47245 0.2078166 0.2261167 0 0 0 0 0 0 0 0 0 0 0 0 0 0 0 0 0 0 0 0 0 0 0 0 1 3565.2309 
sw114b001_3534 5 1.24725 0.466325 0.43635 0.1678333 0.1767417 0 0 0 0 0 0 0 0 0 0 0 0 0 0 0 0 0 0 0 0 0 0 0 0 2 3566.3227 
sw114b001_3534 5 1.383025 0.4925167 0.4611083 0.1951794 0.2342167 0 0 0 0 0 0 0 0 0 0 0 0 0 0 0 0 0 0 0 0 0 0 0 0 1 3569.4753 
sw114b001_3534 5 1.2072833 0.4528083 0.4122167 0.1733833 0.168875 0 0 0 0 0 0 0 0 0 0 0 0 0 0 0 0 0 0 0 0 0 0 0 0 2 3570.2395 
sw114b001_3534 5 1.3399529 0.498475 0.4346083 0.1930417 0.2138279 0 0 0 0 0 0 0 0 0 0 0 0 0 0 0 0 0 0 0 0 0 0 0 0 1 3573.4729 
sw114b001_3534 5 1.22485 0.4538667 0.4273446 0.1757554 0.1678833 0 0 0 0 0 0 0 0 0 0 0 0 0 0 0 0 0 0 0 0 0 0 0 0 2 3573.9281 
sw114b001_3534 5 1.3374889 0.5007723 0.4353583 0.183875 0.2174833 0 0 0 0 0 0 0 0 0 0 0 0 0 0 0 0 0 0 0 0 0 0 0 0 1 3577.4494 
sw114b001_3534 5 1.1946789 0.4297122 0.4307834 0.163075 0.1711083 0 0 0 0 0 0 0 0 0 0 0 0 0 0 0 0 0 0 0 0 0 0 0 0 2 3577.993 
sw114b001_3534 5 1.3695667 0.490925 0.4596167 0.17895 0.240075 0 0 0 0 0 0 0 0 0 0 0 0 0 0 0 0 0 0 0 0 0 0 0 0 1 3581.6436 
sw114b001_3534 5 1.2064134 0.42933 0.43205 0.1793084 0.165725 0 0 0 0 0 0 0 0 0 0 0 0 0 0 0 0 0 0 0 0 0 0 0 0 2 3582.6646 
sw114b001_3534 5 1.3160387 0.4857803 0.4253917 0.1819083 0.2229584 0 0 0 0 0 0 0 0 0 0 0 0 0 0 0 0 0 0 0 0 0 0 0 0 1 3585.7823 
sw114b001_3534 5 1.2275917 0.4670583 0.4164417 0.1665 0.1775917 0 0 0 0 0 0 0 0 0 0 0 0 0 0 0 0 0 0 0 0 0 0 0 0 2 3586.3145 
sw114b001_3534 5 1.2432834 0.459 0.4181667 0.1775667 0.18855 0 0 0 0 0 0 0 0 0 0 0 0 0 0 0 0 0 0 0 0 0 0 0 0 2 3590.4759 
sw114b001_3534 5 1.2796334 0.442475 0.4439584 0.18855 0.20465 0 0 0 0 0 0 0 0 0 0 0 0 0 0 0 0 0 0 0 0 0 0 0 0 2 3595.073 
sw114b001_3534 5 1.285975 0.4666083 0.427775 0.198425 0.1931667 0 0 0 0 0 0 0 0 0 0 0 0 0 0 0 0 0 0 0 0 0 0 0 0 2 3599.6717 
