sw115b001_45 5 0.329272 0.099648 0.092744 0.07132 0.06556 0 0 0 0 0 0 0 0 0 0 0 0 0 0 0 0 0 0 0 0 0 0 0 0 2 57.7671 
sw115b001_45 5 0.32656 0.103344 0.087216 0.070984 0.065016 0 0 0 0 0 0 0 0 0 0 0 0 0 0 0 0 0 0 0 0 0 0 0 0 2 64.5882 
sw115b001_45 3 0.298584 0.196472 0.102112 0 0 0 0 0 0 0 0 0 0 0 0 0 0 0 0 0 0 0 0 0 0 0 0 0 0 1 67.0387 
sw115b001_45 5 0.331224 0.103856 0.086656 0.073264 0.067448 0 0 0 0 0 0 0 0 0 0 0 0 0 0 0 0 0 0 0 0 0 0 0 0 2 69.6108 
sw115b001_45 3 0.303904 0.205272 0.098632 0 0 0 0 0 0 0 0 0 0 0 0 0 0 0 0 0 0 0 0 0 0 0 0 0 0 1 71.7001 
sw115b001_45 5 0.3367982 0.1007 0.0934058 0.0733164 0.069376 0 0 0 0 0 0 0 0 0 0 0 0 0 0 0 0 0 0 0 0 0 0 0 0 2 73.3341 
sw115b001_45 3 0.304896 0.200984 0.103912 0 0 0 0 0 0 0 0 0 0 0 0 0 0 0 0 0 0 0 0 0 0 0 0 0 0 1 76.6511 
sw115b001_45 5 0.3239183 0.0839634 0.101944 0.0706034 0.0674075 0 0 0 0 0 0 0 0 0 0 0 0 0 0 0 0 0 0 0 0 0 0 0 0 2 76.9592 
sw115b001_45 3 0.314048 0.20908 0.104968 0 0 0 0 0 0 0 0 0 0 0 0 0 0 0 0 0 0 0 0 0 0 0 0 0 0 1 81.0413 
sw115b001_45 5 0.3268014 0.0939211 0.0941799 0.0721955 0.0665049 0 0 0 0 0 0 0 0 0 0 0 0 0 0 0 0 0 0 0 0 0 0 0 0 2 81.2077 
sw115b001_45 3 0.31324 0.194736 0.118504 0 0 0 0 0 0 0 0 0 0 0 0 0 0 0 0 0 0 0 0 0 0 0 0 0 0 1 86.0369 
sw115b001_45 5 0.3380195 0.106992 0.0925851 0.0711942 0.0672472 0 0 0 0 0 0 0 0 0 0 0 0 0 0 0 0 0 0 0 0 0 0 0 0 3 92.8477 
sw115b001_45 3 0.335296 0.219464 0.115832 0 0 0 0 0 0 0 0 0 0 0 0 0 0 0 0 0 0 0 0 0 0 0 0 0 0 1 96.7416 
sw115b001_45 5 0.3516043 0.1233454 0.0878512 0.0752847 0.065123 0 0 0 0 0 0 0 0 0 0 0 0 0 0 0 0 0 0 0 0 0 0 0 0 3 100.537 
sw115b001_45 3 0.3308464 0.2164649 0.1143815 0 0 0 0 0 0 0 0 0 0 0 0 0 0 0 0 0 0 0 0 0 0 0 0 0 0 1 100.6375 
sw115b001_45 5 0.3220509 0.1011926 0.0852798 0.0694508 0.0661277 0 0 0 0 0 0 0 0 0 0 0 0 0 0 0 0 0 0 0 0 0 0 0 0 3 105.7446 
sw115b001_45 5 0.337264 0.113712 0.086664 0.070408 0.06648 0 0 0 0 0 0 0 0 0 0 0 0 0 0 0 0 0 0 0 0 0 0 0 0 3 111.1932 
sw115b001_45 5 0.329752 0.105128 0.08792 0.070432 0.066272 0 0 0 0 0 0 0 0 0 0 0 0 0 0 0 0 0 0 0 0 0 0 0 0 3 116.1595 
sw115b001_45 5 0.33304 0.103296 0.088632 0.072168 0.068944 0 0 0 0 0 0 0 0 0 0 0 0 0 0 0 0 0 0 0 0 0 0 0 0 3 120.3701 
sw115b001_45 5 0.343512 0.09192 0.099888 0.07944 0.072264 0 0 0 0 0 0 0 0 0 0 0 0 0 0 0 0 0 0 0 0 0 0 0 0 3 124.5655 
