sw119a001_3844 5 1.5186266 0.5323599 0.4868333 0.2640334 0.2354 0 0 0 0 0 0 0 0 0 0 0 0 0 0 0 0 0 0 0 0 0 0 0 0 1 3850.6116 
sw119a001_3844 5 1.522225 0.5135667 0.4924333 0.2439583 0.2722667 0 0 0 0 0 0 0 0 0 0 0 0 0 0 0 0 0 0 0 0 0 0 0 0 1 3855.4277 
sw119a001_3844 5 1.5451583 0.5054416 0.50065 0.24125 0.2978167 0 0 0 0 0 0 0 0 0 0 0 0 0 0 0 0 0 0 0 0 0 0 0 0 1 3860.0969 
sw119a001_3844 5 1.4762833 0.491225 0.4828417 0.263625 0.2385916 0 0 0 0 0 0 0 0 0 0 0 0 0 0 0 0 0 0 0 0 0 0 0 0 1 3865.1411 
sw119a001_3844 5 1.3440323 0.4480417 0.4513916 0.2369417 0.2076573 0 0 0 0 0 0 0 0 0 0 0 0 0 0 0 0 0 0 0 0 0 0 0 0 1 3870.0953 
sw119a001_3844 5 1.2848583 0.4215333 0.4326833 0.2042667 0.226375 0 0 0 0 0 0 0 0 0 0 0 0 0 0 0 0 0 0 0 0 0 0 0 0 1 3874.8419 
sw119a001_3844 5 1.3292917 0.4312334 0.4390083 0.22725 0.2318 0 0 0 0 0 0 0 0 0 0 0 0 0 0 0 0 0 0 0 0 0 0 0 0 1 3879.4868 
sw119a001_3844 5 1.3619083 0.4418166 0.454925 0.2406584 0.2245083 0 0 0 0 0 0 0 0 0 0 0 0 0 0 0 0 0 0 0 0 0 0 0 0 1 3884.3686 
sw119a001_3844 5 1.3205417 0.43335 0.4539667 0.2150666 0.2181584 0 0 0 0 0 0 0 0 0 0 0 0 0 0 0 0 0 0 0 0 0 0 0 0 1 3889.0316 
sw119a001_3844 5 1.3449167 0.4396167 0.4348667 0.2355583 0.234875 0 0 0 0 0 0 0 0 0 0 0 0 0 0 0 0 0 0 0 0 0 0 0 0 1 3893.7117 
sw119a001_3844 5 1.3434416 0.4364916 0.4417834 0.2334916 0.231675 0 0 0 0 0 0 0 0 0 0 0 0 0 0 0 0 0 0 0 0 0 0 0 0 1 3898.3956 
