sw119a001_2890 5 0.941431 0.2713974 0.3266262 0.2020464 0.141361 0 0 0 0 0 0 0 0 0 0 0 0 0 0 0 0 0 0 0 0 0 0 0 0 2 2891.6372 
sw119a001_2890 5 1.018411 0.3504112 0.3369651 0.1693961 0.1616386 0 0 0 0 0 0 0 0 0 0 0 0 0 0 0 0 0 0 0 0 0 0 0 0 2 2895.448 
sw119a001_2890 3 0.1544416 0.07125 0.0831916 0 0 0 0 0 0 0 0 0 0 0 0 0 0 0 0 0 0 0 0 0 0 0 0 0 0 1 2895.8483 
sw119a001_2890 5 1.0532583 0.35205 0.3435583 0.1812833 0.1763667 0 0 0 0 0 0 0 0 0 0 0 0 0 0 0 0 0 0 0 0 0 0 0 0 2 2898.6788 
sw119a001_2890 5 1.1337917 0.3784334 0.36855 0.2092166 0.1775917 0 0 0 0 0 0 0 0 0 0 0 0 0 0 0 0 0 0 0 0 0 0 0 0 2 2901.9492 
sw119a001_2890 5 1.15435 0.425575 0.4158 0.1544583 0.1585167 0 0 0 0 0 0 0 0 0 0 0 0 0 0 0 0 0 0 0 0 0 0 0 0 1 2903.5233 
sw119a001_2890 5 1.1657083 0.4041916 0.36985 0.2032334 0.1884333 0 0 0 0 0 0 0 0 0 0 0 0 0 0 0 0 0 0 0 0 0 0 0 0 2 2905.4793 
sw119a001_2890 5 1.1585583 0.4330833 0.4206167 0.1571166 0.1477417 0 0 0 0 0 0 0 0 0 0 0 0 0 0 0 0 0 0 0 0 0 0 0 0 1 2909.2525 
sw119a001_2890 5 1.22265 0.4173834 0.406875 0.2156083 0.1827833 0 0 0 0 0 0 0 0 0 0 0 0 0 0 0 0 0 0 0 0 0 0 0 0 2 2909.3396 
sw119a001_2890 5 1.2049111 0.4150416 0.3928334 0.2063988 0.1906373 0 0 0 0 0 0 0 0 0 0 0 0 0 0 0 0 0 0 0 0 0 0 0 0 2 2913.0588 
sw119a001_2890 5 1.1502916 0.44255 0.3998083 0.1478167 0.1601166 0 0 0 0 0 0 0 0 0 0 0 0 0 0 0 0 0 0 0 0 0 0 0 0 1 2913.0984 
sw119a001_2890 5 1.261275 0.4301083 0.4137083 0.20295 0.2145084 0 0 0 0 0 0 0 0 0 0 0 0 0 0 0 0 0 0 0 0 0 0 0 0 2 2916.6398 
sw119a001_2890 5 1.2669916 0.443325 0.4130833 0.209025 0.2015583 0 0 0 0 0 0 0 0 0 0 0 0 0 0 0 0 0 0 0 0 0 0 0 0 2 2920.255 
sw119a001_2890 5 1.2693 0.4413417 0.4196833 0.2061344 0.2021406 0 0 0 0 0 0 0 0 0 0 0 0 0 0 0 0 0 0 0 0 0 0 0 0 2 2923.7988 
sw119a001_2890 5 1.2701341 0.4248666 0.4245167 0.2049667 0.2157841 0 0 0 0 0 0 0 0 0 0 0 0 0 0 0 0 0 0 0 0 0 0 0 0 2 2927.5385 
sw119a001_2890 5 1.2988917 0.4408417 0.4265417 0.2218083 0.2097 0 0 0 0 0 0 0 0 0 0 0 0 0 0 0 0 0 0 0 0 0 0 0 0 2 2931.1652 
sw119a001_2890 5 1.28485 0.4338667 0.4189417 0.2355666 0.196475 0 0 0 0 0 0 0 0 0 0 0 0 0 0 0 0 0 0 0 0 0 0 0 0 2 2935.0205 
sw119a001_2890 5 1.2919334 0.4367417 0.42845 0.2315333 0.1952084 0 0 0 0 0 0 0 0 0 0 0 0 0 0 0 0 0 0 0 0 0 0 0 0 2 2939.1241 
sw119a001_2890 5 1.2768084 0.440725 0.3944584 0.2429 0.198725 0 0 0 0 0 0 0 0 0 0 0 0 0 0 0 0 0 0 0 0 0 0 0 0 2 2943.8967 
sw119a001_2890 5 1.2552083 0.429175 0.4149083 0.2316417 0.1794833 0 0 0 0 0 0 0 0 0 0 0 0 0 0 0 0 0 0 0 0 0 0 0 0 2 2948.2655 
