sw119b001_2570 5 0.313525 0.1025333 0.0814083 0.0693417 0.0602417 0 0 0 0 0 0 0 0 0 0 0 0 0 0 0 0 0 0 0 0 0 0 0 0 1 2576.296 
sw119b001_2570 5 0.3031083 0.0942385 0.0827198 0.0653084 0.0608416 0 0 0 0 0 0 0 0 0 0 0 0 0 0 0 0 0 0 0 0 0 0 0 0 1 2579.8006 
sw119b001_2570 5 0.3146417 0.0775667 0.0929417 0.0752916 0.0688417 0 0 0 0 0 0 0 0 0 0 0 0 0 0 0 0 0 0 0 0 0 0 0 0 1 2582.9721 
sw119b001_2570 5 0.3270083 0.0964167 0.08515 0.07635 0.0690916 0 0 0 0 0 0 0 0 0 0 0 0 0 0 0 0 0 0 0 0 0 0 0 0 1 2586.5949 
sw119b001_2570 5 0.31865 0.0962833 0.0839917 0.0707083 0.0676667 0 0 0 0 0 0 0 0 0 0 0 0 0 0 0 0 0 0 0 0 0 0 0 0 1 2590.8673 
sw119b001_2570 5 0.3267004 0.100125 0.0859987 0.07361 0.0669667 0 0 0 0 0 0 0 0 0 0 0 0 0 0 0 0 0 0 0 0 0 0 0 0 1 2594.8697 
sw119b001_2570 5 0.3270666 0.09785 0.08885 0.0742333 0.0661333 0 0 0 0 0 0 0 0 0 0 0 0 0 0 0 0 0 0 0 0 0 0 0 0 1 2598.6989 
sw119b001_2570 5 0.333575 0.103425 0.0861834 0.0727833 0.0711833 0 0 0 0 0 0 0 0 0 0 0 0 0 0 0 0 0 0 0 0 0 0 0 0 1 2602.4322 
sw119b001_2570 5 0.32595 0.1031583 0.0882417 0.069275 0.065275 0 0 0 0 0 0 0 0 0 0 0 0 0 0 0 0 0 0 0 0 0 0 0 0 1 2606.3744 
sw119b001_2570 5 0.334525 0.1007166 0.0909917 0.0724167 0.0704 0 0 0 0 0 0 0 0 0 0 0 0 0 0 0 0 0 0 0 0 0 0 0 0 1 2610.693 
sw119b001_2570 5 0.3226583 0.101775 0.086775 0.07055 0.0635583 0 0 0 0 0 0 0 0 0 0 0 0 0 0 0 0 0 0 0 0 0 0 0 0 1 2615.0513 
sw119b001_2570 5 0.3413417 0.106325 0.0959167 0.0758583 0.0632417 0 0 0 0 0 0 0 0 0 0 0 0 0 0 0 0 0 0 0 0 0 0 0 0 1 2619.4945 
sw119b001_2570 5 0.32015 0.1050416 0.0834917 0.06525 0.0663667 0 0 0 0 0 0 0 0 0 0 0 0 0 0 0 0 0 0 0 0 0 0 0 0 1 2623.3346 
sw119b001_2570 5 0.3335834 0.106775 0.08275 0.0761584 0.0679 0 0 0 0 0 0 0 0 0 0 0 0 0 0 0 0 0 0 0 0 0 0 0 0 1 2627.4537 
sw119b001_2570 7 0.4581 0.0836083 0.0826667 0.077575 0.072275 0.0695666 0.0724084 0 0 0 0 0 0 0 0 0 0 0 0 0 0 0 0 0 0 0 0 0 0 1 2631.8573 
sw119b001_2570 7 0.4559166 0.0714333 0.08455 0.07985 0.0717333 0.0713834 0.0769666 0 0 0 0 0 0 0 0 0 0 0 0 0 0 0 0 0 0 0 0 0 0 1 2636.2593 
