sw119b001_1020 5 1.0046542 0.3343395 0.3266383 0.1993884 0.144288 0 0 0 0 0 0 0 0 0 0 0 0 0 0 0 0 0 0 0 0 0 0 0 0 1 1021.4136 
sw119b001_1020 5 1.0186583 0.3504167 0.3369416 0.169675 0.161625 0 0 0 0 0 0 0 0 0 0 0 0 0 0 0 0 0 0 0 0 0 0 0 0 1 1025.2874 
sw119b001_1020 3 0.1544135 0.0712271 0.0831864 0 0 0 0 0 0 0 0 0 0 0 0 0 0 0 0 0 0 0 0 0 0 0 0 0 0 2 1025.689 
sw119b001_1020 5 1.0521334 0.3521167 0.3423333 0.1816834 0.176 0 0 0 0 0 0 0 0 0 0 0 0 0 0 0 0 0 0 0 0 0 0 0 0 1 1028.5185 
sw119b001_1020 5 1.1337917 0.3784417 0.36855 0.2092166 0.1775834 0 0 0 0 0 0 0 0 0 0 0 0 0 0 0 0 0 0 0 0 0 0 0 0 1 1031.7883 
sw119b001_1020 6 1.1542763 0.425535 0.4157781 0.1544572 0.158506 6.95 0 0 0 0 0 0 0 0 0 0 0 0 0 0 0 0 0 0 0 0 0 0 0 2 1033.3636 
sw119b001_1020 5 1.1657334 0.4041917 0.3698083 0.2033 0.1884334 0 0 0 0 0 0 0 0 0 0 0 0 0 0 0 0 0 0 0 0 0 0 0 0 1 1035.3189 
sw119b001_1020 5 1.1615922 0.4411768 0.4124571 0.1569763 0.150982 0 0 0 0 0 0 0 0 0 0 0 0 0 0 0 0 0 0 0 0 0 0 0 0 2 1039.0928 
sw119b001_1020 5 1.2225584 0.4172667 0.407075 0.2156167 0.1826 0 0 0 0 0 0 0 0 0 0 0 0 0 0 0 0 0 0 0 0 0 0 0 0 1 1039.1792 
sw119b001_1020 5 1.2048583 0.4149666 0.3928584 0.2064083 0.190625 0 0 0 0 0 0 0 0 0 0 0 0 0 0 0 0 0 0 0 0 0 0 0 0 1 1042.8981 
sw119b001_1020 5 1.150144 0.4423882 0.3998017 0.1316375 0.1763166 0 0 0 0 0 0 0 0 0 0 0 0 0 0 0 0 0 0 0 0 0 0 0 0 2 1042.9385 
sw119b001_1020 5 1.2611584 0.4302167 0.413625 0.2027833 0.2145334 0 0 0 0 0 0 0 0 0 0 0 0 0 0 0 0 0 0 0 0 0 0 0 0 1 1046.4793 
sw119b001_1020 5 1.2670333 0.4435083 0.4129417 0.209025 0.2015583 0 0 0 0 0 0 0 0 0 0 0 0 0 0 0 0 0 0 0 0 0 0 0 0 1 1050.0943 
sw119b001_1020 5 1.2694334 0.4414667 0.4196833 0.2061417 0.2021417 0 0 0 0 0 0 0 0 0 0 0 0 0 0 0 0 0 0 0 0 0 0 0 0 1 1053.6381 
sw119b001_1020 5 1.27 0.4249416 0.4243417 0.20495 0.2157667 0 0 0 0 0 0 0 0 0 0 0 0 0 0 0 0 0 0 0 0 0 0 0 0 1 1057.3779 
sw119b001_1020 5 1.2989084 0.4410167 0.4264333 0.221775 0.2096834 0 0 0 0 0 0 0 0 0 0 0 0 0 0 0 0 0 0 0 0 0 0 0 0 1 1061.0044 
sw119b001_1020 5 1.2848666 0.4338583 0.418975 0.2355667 0.1964666 0 0 0 0 0 0 0 0 0 0 0 0 0 0 0 0 0 0 0 0 0 0 0 0 1 1064.8597 
sw119b001_1020 5 1.2919667 0.4367667 0.42845 0.2315083 0.1952417 0 0 0 0 0 0 0 0 0 0 0 0 0 0 0 0 0 0 0 0 0 0 0 0 1 1068.9632 
sw119b001_1020 5 1.2766917 0.440575 0.3945083 0.2428834 0.198725 0 0 0 0 0 0 0 0 0 0 0 0 0 0 0 0 0 0 0 0 0 0 0 0 1 1073.7358 
sw119b001_1020 5 1.255275 0.42915 0.4148666 0.231625 0.1796334 0 0 0 0 0 0 0 0 0 0 0 0 0 0 0 0 0 0 0 0 0 0 0 0 1 1078.1043 
