sw119b001_1974 5 1.5427722 0.5324337 0.4900235 0.2627375 0.2575775 0 0 0 0 0 0 0 0 0 0 0 0 0 0 0 0 0 0 0 0 0 0 0 0 2 1980.4633 
sw119b001_1974 5 1.5307164 0.5135706 0.4924289 0.2442006 0.2805163 0 0 0 0 0 0 0 0 0 0 0 0 0 0 0 0 0 0 0 0 0 0 0 0 2 1985.2798 
sw119b001_1974 5 1.5451987 0.5057235 0.5004068 0.2412447 0.2978237 0 0 0 0 0 0 0 0 0 0 0 0 0 0 0 0 0 0 0 0 0 0 0 0 2 1989.9492 
sw119b001_1974 5 1.4682038 0.4907134 0.4750043 0.2644317 0.2380544 0 0 0 0 0 0 0 0 0 0 0 0 0 0 0 0 0 0 0 0 0 0 0 0 2 1995.0016 
sw119b001_1974 5 1.3442992 0.4480058 0.458521 0.2299036 0.2078688 0 0 0 0 0 0 0 0 0 0 0 0 0 0 0 0 0 0 0 0 0 0 0 0 2 1999.9475 
sw119b001_1974 5 1.2766088 0.4132098 0.4327202 0.2042904 0.2263884 0 0 0 0 0 0 0 0 0 0 0 0 0 0 0 0 0 0 0 0 0 0 0 0 2 2004.7025 
sw119b001_1974 5 1.3221918 0.4242265 0.4389428 0.2272634 0.2317591 0 0 0 0 0 0 0 0 0 0 0 0 0 0 0 0 0 0 0 0 0 0 0 0 2 2009.3462 
sw119b001_1974 5 1.3621129 0.4418781 0.4549912 0.2407048 0.2245388 0 0 0 0 0 0 0 0 0 0 0 0 0 0 0 0 0 0 0 0 0 0 0 0 2 2014.2212 
sw119b001_1974 5 1.3140993 0.4269222 0.4536785 0.2153338 0.2181648 0 0 0 0 0 0 0 0 0 0 0 0 0 0 0 0 0 0 0 0 0 0 0 0 2 2018.8908 
sw119b001_1974 5 1.3449606 0.4395942 0.434897 0.2355793 0.2348901 0 0 0 0 0 0 0 0 0 0 0 0 0 0 0 0 0 0 0 0 0 0 0 0 2 2023.5648 
sw119b001_1974 5 1.3434194 0.4364167 0.4418028 0.2335203 0.2316796 0 0 0 0 0 0 0 0 0 0 0 0 0 0 0 0 0 0 0 0 0 0 0 0 2 2028.2487 
