sw119a001_4441 5 0.313575 0.1025583 0.0814167 0.0693416 0.0602584 0 0 0 0 0 0 0 0 0 0 0 0 0 0 0 0 0 0 0 0 0 0 0 0 1 4446.4692 
sw119a001_4441 5 0.3031084 0.0940917 0.082725 0.0654583 0.0608334 0 0 0 0 0 0 0 0 0 0 0 0 0 0 0 0 0 0 0 0 0 0 0 0 1 4449.9737 
sw119a001_4441 5 0.314625 0.0775583 0.0929417 0.0752833 0.0688417 0 0 0 0 0 0 0 0 0 0 0 0 0 0 0 0 0 0 0 0 0 0 0 0 1 4453.1452 
sw119a001_4441 5 0.327025 0.096425 0.08515 0.0763584 0.0690916 0 0 0 0 0 0 0 0 0 0 0 0 0 0 0 0 0 0 0 0 0 0 0 0 1 4456.7676 
sw119a001_4441 5 0.318675 0.0962916 0.084 0.0707167 0.0676667 0 0 0 0 0 0 0 0 0 0 0 0 0 0 0 0 0 0 0 0 0 0 0 0 1 4461.0401 
sw119a001_4441 5 0.32675 0.1001417 0.0860083 0.073625 0.066975 0 0 0 0 0 0 0 0 0 0 0 0 0 0 0 0 0 0 0 0 0 0 0 0 1 4465.0427 
sw119a001_4441 5 0.3271 0.0978583 0.0888584 0.07425 0.0661333 0 0 0 0 0 0 0 0 0 0 0 0 0 0 0 0 0 0 0 0 0 0 0 0 1 4468.8719 
sw119a001_4441 5 0.3335834 0.103425 0.0861917 0.0727833 0.0711834 0 0 0 0 0 0 0 0 0 0 0 0 0 0 0 0 0 0 0 0 0 0 0 0 1 4472.6052 
sw119a001_4441 5 0.325975 0.103175 0.0882417 0.0692833 0.065275 0 0 0 0 0 0 0 0 0 0 0 0 0 0 0 0 0 0 0 0 0 0 0 0 1 4476.5473 
sw119a001_4441 5 0.334525 0.100725 0.0909917 0.0724083 0.0704 0 0 0 0 0 0 0 0 0 0 0 0 0 0 0 0 0 0 0 0 0 0 0 0 1 4480.866 
sw119a001_4441 5 0.3226917 0.1017917 0.086775 0.0705583 0.0635667 0 0 0 0 0 0 0 0 0 0 0 0 0 0 0 0 0 0 0 0 0 0 0 0 1 4485.2243 
sw119a001_4441 5 0.3413583 0.1063333 0.095925 0.0758583 0.0632417 0 0 0 0 0 0 0 0 0 0 0 0 0 0 0 0 0 0 0 0 0 0 0 0 1 4489.6675 
sw119a001_4441 5 0.3201583 0.10505 0.0834916 0.06525 0.0663667 0 0 0 0 0 0 0 0 0 0 0 0 0 0 0 0 0 0 0 0 0 0 0 0 1 4493.5077 
sw119a001_4441 5 0.33375 0.106775 0.0827583 0.076175 0.0680417 0 0 0 0 0 0 0 0 0 0 0 0 0 0 0 0 0 0 0 0 0 0 0 0 1 4497.6265 
sw119a001_4441 7 0.457975 0.0834583 0.0826833 0.0775584 0.0722916 0.0695667 0.0724167 0 0 0 0 0 0 0 0 0 0 0 0 0 0 0 0 0 0 0 0 0 0 1 4502.0301 
sw119a001_4441 7 0.4560917 0.0714417 0.0845666 0.0798584 0.0718666 0.0714 0.0769584 0 0 0 0 0 0 0 0 0 0 0 0 0 0 0 0 0 0 0 0 0 0 1 4506.4319 
