sw119a001_3559 5 0.799575 0.2686583 0.246725 0.14555 0.1386417 0 0 0 0 0 0 0 0 0 0 0 0 0 0 0 0 0 0 0 0 0 0 0 0 2 3561.9221 
sw119a001_3559 5 0.5359333 0.12905 0.132175 0.129225 0.1454833 0 0 0 0 0 0 0 0 0 0 0 0 0 0 0 0 0 0 0 0 0 0 0 0 1 3564.7702 
sw119a001_3559 5 0.7720416 0.2462583 0.2466667 0.1473833 0.1317333 0 0 0 0 0 0 0 0 0 0 0 0 0 0 0 0 0 0 0 0 0 0 0 0 2 3565.4501 
sw119a001_3559 5 0.7384916 0.2479416 0.20995 0.151675 0.128925 0 0 0 0 0 0 0 0 0 0 0 0 0 0 0 0 0 0 0 0 0 0 0 0 2 3568.4072 
sw119a001_3559 5 0.53725 0.125275 0.1390583 0.1361417 0.136775 0 0 0 0 0 0 0 0 0 0 0 0 0 0 0 0 0 0 0 0 0 0 0 0 1 3568.7806 
sw119a001_3559 5 0.7574833 0.2548583 0.2205667 0.1487916 0.1332667 0 0 0 0 0 0 0 0 0 0 0 0 0 0 0 0 0 0 0 0 0 0 0 0 2 3572.1475 
sw119a001_3559 5 0.51375 0.1241667 0.1350333 0.1265167 0.1280333 0 0 0 0 0 0 0 0 0 0 0 0 0 0 0 0 0 0 0 0 0 0 0 0 1 3572.6655 
sw119a001_3559 5 0.765125 0.247175 0.2472417 0.1440833 0.126625 0 0 0 0 0 0 0 0 0 0 0 0 0 0 0 0 0 0 0 0 0 0 0 0 2 3575.9465 
sw119a001_3559 5 0.5205666 0.122025 0.1257833 0.1260167 0.1467416 0 0 0 0 0 0 0 0 0 0 0 0 0 0 0 0 0 0 0 0 0 0 0 0 1 3576.2335 
sw119a001_3559 5 1.3384833 0.454175 0.4510833 0.2279667 0.2052583 0 0 0 0 0 0 0 0 0 0 0 0 0 0 0 0 0 0 0 0 0 0 0 0 3 3585.1595 
sw119a001_3559 5 1.37845 0.4716166 0.4499 0.2315 0.2254334 0 0 0 0 0 0 0 0 0 0 0 0 0 0 0 0 0 0 0 0 0 0 0 0 3 3589.4956 
sw119a001_3559 5 1.3117833 0.441925 0.4369083 0.2211167 0.2118333 0 0 0 0 0 0 0 0 0 0 0 0 0 0 0 0 0 0 0 0 0 0 0 0 3 3593.5184 
sw119a001_3559 5 1.298575 0.4322167 0.4277583 0.2173167 0.2212833 0 0 0 0 0 0 0 0 0 0 0 0 0 0 0 0 0 0 0 0 0 0 0 0 3 3597.692 
sw119a001_3559 5 1.2681917 0.4243083 0.4073167 0.2301333 0.2064334 0 0 0 0 0 0 0 0 0 0 0 0 0 0 0 0 0 0 0 0 0 0 0 0 3 3601.7081 
sw119a001_3559 5 1.2297417 0.41415 0.4004 0.210125 0.2050667 0 0 0 0 0 0 0 0 0 0 0 0 0 0 0 0 0 0 0 0 0 0 0 0 3 3605.746 
sw119a001_3559 5 1.2704833 0.4224583 0.420975 0.2091167 0.2179333 0 0 0 0 0 0 0 0 0 0 0 0 0 0 0 0 0 0 0 0 0 0 0 0 3 3609.6368 
sw119a001_3559 5 1.226 0.387525 0.4102667 0.2227833 0.205425 0 0 0 0 0 0 0 0 0 0 0 0 0 0 0 0 0 0 0 0 0 0 0 0 3 3613.6207 
sw119a001_3559 5 0.6739584 0.0567167 0.2285 0.17935 0.2093917 0 0 0 0 0 0 0 0 0 0 0 0 0 0 0 0 0 0 0 0 0 0 0 0 4 3622.408 
sw119a001_3559 5 0.634 0.0492333 0.2386083 0.1492084 0.19695 0 0 0 0 0 0 0 0 0 0 0 0 0 0 0 0 0 0 0 0 0 0 0 0 4 3627.4743 
sw119a001_3559 5 0.6272167 0.0534917 0.13585 0.2721 0.165775 0 0 0 0 0 0 0 0 0 0 0 0 0 0 0 0 0 0 0 0 0 0 0 0 4 3633.4568 
sw119a001_3559 5 0.6266417 0.061775 0.1909417 0.1822917 0.1916333 0 0 0 0 0 0 0 0 0 0 0 0 0 0 0 0 0 0 0 0 0 0 0 0 5 3642.676 
sw119a001_3559 5 0.6415 0.0632584 0.174975 0.1818166 0.22145 0 0 0 0 0 0 0 0 0 0 0 0 0 0 0 0 0 0 0 0 0 0 0 0 5 3649.8529 
sw119a001_3559 5 1.3119083 0.4504333 0.4336833 0.2139917 0.2138 0 0 0 0 0 0 0 0 0 0 0 0 0 0 0 0 0 0 0 0 0 0 0 0 6 3655.9041 
sw119a001_3559 5 1.3330184 0.4416834 0.4574 0.2242 0.209735 0 0 0 0 0 0 0 0 0 0 0 0 0 0 0 0 0 0 0 0 0 0 0 0 6 3660.7275 
