sw119b001_1690 5 0.5358748 0.1290333 0.1321584 0.1272083 0.1474748 0 0 0 0 0 0 0 0 0 0 0 0 0 0 0 0 0 0 0 0 0 0 0 0 10 1694.6071 
sw119b001_1690 5 0.771925 0.246375 0.2453417 0.1485 0.1317083 0 0 0 0 0 0 0 0 0 0 0 0 0 0 0 0 0 0 0 0 0 0 0 0 11 1695.289 
sw119b001_1690 5 0.7410285 0.2501506 0.2110146 0.1509054 0.1289579 0 0 0 0 0 0 0 0 0 0 0 0 0 0 0 0 0 0 0 0 0 0 0 0 10 1698.2445 
sw119b001_1690 5 0.5344186 0.1253676 0.1363544 0.1359176 0.136779 0 0 0 0 0 0 0 0 0 0 0 0 0 0 0 0 0 0 0 0 0 0 0 0 11 1698.6197 
sw119b001_1690 5 0.7726332 0.2515922 0.2206323 0.1524899 0.1479188 0 0 0 0 0 0 0 0 0 0 0 0 0 0 0 0 0 0 0 0 0 0 0 0 11 1701.9882 
sw119b001_1690 5 0.5139868 0.1283718 0.1151866 0.1423631 0.1280653 0 0 0 0 0 0 0 0 0 0 0 0 0 0 0 0 0 0 0 0 0 0 0 0 10 1702.5017 
sw119b001_1690 5 0.7669348 0.2472172 0.2472605 0.1458176 0.1266395 0 0 0 0 0 0 0 0 0 0 0 0 0 0 0 0 0 0 0 0 0 0 0 0 11 1705.7876 
sw119b001_1690 5 0.5204223 0.1220512 0.1255794 0.1260394 0.1467523 0 0 0 0 0 0 0 0 0 0 0 0 0 0 0 0 0 0 0 0 0 0 0 0 10 1706.0702 
sw119b001_1690 5 1.3419417 0.4572417 0.4511583 0.2282417 0.2053 0 0 0 0 0 0 0 0 0 0 0 0 0 0 0 0 0 0 0 0 0 0 0 0 3 1714.997 
sw119b001_1690 5 1.3785 0.4716917 0.449811 0.2315223 0.225475 0 0 0 0 0 0 0 0 0 0 0 0 0 0 0 0 0 0 0 0 0 0 0 0 3 1719.3342 
sw119b001_1690 5 1.3118333 0.4435977 0.4352357 0.2213761 0.2116238 0 0 0 0 0 0 0 0 0 0 0 0 0 0 0 0 0 0 0 0 0 0 0 0 3 1723.3574 
sw119b001_1690 5 1.2985834 0.432225 0.4277584 0.217625 0.220975 0 0 0 0 0 0 0 0 0 0 0 0 0 0 0 0 0 0 0 0 0 0 0 0 3 1727.531 
sw119b001_1690 5 1.2682666 0.4243166 0.40735 0.23015 0.20645 0 0 0 0 0 0 0 0 0 0 0 0 0 0 0 0 0 0 0 0 0 0 0 0 3 1731.5472 
sw119b001_1690 5 1.2298416 0.4141666 0.40045 0.2101417 0.2050833 0 0 0 0 0 0 0 0 0 0 0 0 0 0 0 0 0 0 0 0 0 0 0 0 3 1735.5854 
sw119b001_1690 5 1.2706333 0.4225083 0.421025 0.20915 0.21795 0 0 0 0 0 0 0 0 0 0 0 0 0 0 0 0 0 0 0 0 0 0 0 0 3 1739.4765 
sw119b001_1690 5 1.2262084 0.387575 0.4103834 0.222775 0.205475 0 0 0 0 0 0 0 0 0 0 0 0 0 0 0 0 0 0 0 0 0 0 0 0 3 1743.4609 
sw119b001_1690 5 0.6739417 0.056725 0.2284917 0.1793416 0.2093834 0 0 0 0 0 0 0 0 0 0 0 0 0 0 0 0 0 0 0 0 0 0 0 0 4 1752.2495 
sw119b001_1690 5 0.6339583 0.0492166 0.2385917 0.1492 0.19695 0 0 0 0 0 0 0 0 0 0 0 0 0 0 0 0 0 0 0 0 0 0 0 0 4 1757.3158 
sw119b001_1690 5 0.6271167 0.0534834 0.135825 0.2720666 0.1657417 0 0 0 0 0 0 0 0 0 0 0 0 0 0 0 0 0 0 0 0 0 0 0 0 4 1763.2993 
sw119b001_1690 5 0.6265667 0.0620417 0.19065 0.1822583 0.1916167 0 0 0 0 0 0 0 0 0 0 0 0 0 0 0 0 0 0 0 0 0 0 0 0 5 1772.5191 
sw119b001_1690 5 0.6413667 0.06325 0.1749333 0.181775 0.2214084 0 0 0 0 0 0 0 0 0 0 0 0 0 0 0 0 0 0 0 0 0 0 0 0 5 1779.6998 
sw119b001_1690 5 1.3120174 0.4474053 0.4367975 0.2140261 0.2137885 0 0 0 0 0 0 0 0 0 0 0 0 0 0 0 0 0 0 0 0 0 0 0 0 6 1785.7502 
sw119b001_1690 5 1.3328779 0.4415935 0.4573833 0.2241742 0.2097269 0 0 0 0 0 0 0 0 0 0 0 0 0 0 0 0 0 0 0 0 0 0 0 0 6 1790.5733 
