sw133b002_9467 5 0.7107427 0.1665991 0.2504672 0.1627192 0.1309572 0 0 0 0 0 0 0 0 0 0 0 0 0 0 0 0 0 0 0 0 0 0 0 0 3 9468.1158 
sw133b002_9467 6 0.3821468 0.0973099 0.0851634 0.066042 0.0588092 0.0748223 0 0 0 0 0 0 0 0 0 0 0 0 0 0 0 0 0 0 0 0 0 0 0 2 9472.9147 
sw133b002_9467 5 0.7572739 0.2268639 0.2371962 0.1643921 0.1288217 0 0 0 0 0 0 0 0 0 0 0 0 0 0 0 0 0 0 0 0 0 0 0 0 3 9472.9747 
sw133b002_9467 5 0.7496954 0.2147492 0.2324186 0.16957 0.1329576 0 0 0 0 0 0 0 0 0 0 0 0 0 0 0 0 0 0 0 0 0 0 0 0 3 9478.0353 
sw133b002_9467 5 0.3006863 0.0892252 0.0816092 0.0668317 0.0630202 0 0 0 0 0 0 0 0 0 0 0 0 0 0 0 0 0 0 0 0 0 0 0 0 2 9478.5628 
sw133b002_9467 5 0.7523623 0.2149985 0.239886 0.1644933 0.1329845 0 0 0 0 0 0 0 0 0 0 0 0 0 0 0 0 0 0 0 0 0 0 0 0 3 9482.8793 
sw133b002_9467 5 0.3120602 0.0765547 0.0883161 0.0675296 0.0796598 0 0 0 0 0 0 0 0 0 0 0 0 0 0 0 0 0 0 0 0 0 0 0 0 2 9483.2079 
sw133b002_9467 5 0.7420902 0.218659 0.2345663 0.1594127 0.1294522 0 0 0 0 0 0 0 0 0 0 0 0 0 0 0 0 0 0 0 0 0 0 0 0 3 9488.1849 
sw133b002_9467 5 0.2989993 0.0897093 0.0849263 0.0651723 0.0591914 0 0 0 0 0 0 0 0 0 0 0 0 0 0 0 0 0 0 0 0 0 0 0 0 2 9488.3223 
sw133b002_9467 5 0.7386983 0.2128125 0.2288704 0.1668743 0.1301411 0 0 0 0 0 0 0 0 0 0 0 0 0 0 0 0 0 0 0 0 0 0 0 0 3 9493.3022 
sw133b002_9467 5 0.305713 0.0851196 0.0891883 0.0709003 0.0605048 0 0 0 0 0 0 0 0 0 0 0 0 0 0 0 0 0 0 0 0 0 0 0 0 2 9494.2176 
sw133b002_9467 5 0.733768 0.22436 0.2244 0.153256 0.131752 0 0 0 0 0 0 0 0 0 0 0 0 0 0 0 0 0 0 0 0 0 0 0 0 3 9498.3055 
sw133b002_9467 5 0.7211199 0.2139397 0.2093341 0.169995 0.1278511 0 0 0 0 0 0 0 0 0 0 0 0 0 0 0 0 0 0 0 0 0 0 0 0 3 9503.4487 
sw133b002_9467 5 0.2972219 0.0826116 0.0790726 0.0696038 0.0659339 0 0 0 0 0 0 0 0 0 0 0 0 0 0 0 0 0 0 0 0 0 0 0 0 2 9504.1735 
sw133b002_9467 5 0.7170722 0.2170942 0.220752 0.1545097 0.1247163 0 0 0 0 0 0 0 0 0 0 0 0 0 0 0 0 0 0 0 0 0 0 0 0 3 9508.4162 
sw133b002_9467 6 0.627326 0.0838218 0.0820528 0.0693741 0.0667261 0.3253512 0 0 0 0 0 0 0 0 0 0 0 0 0 0 0 0 0 0 0 0 0 0 0 2 9508.9364 
sw133b002_9467 5 0.3002957 0.0842358 0.0864236 0.0680352 0.0616011 0 0 0 0 0 0 0 0 0 0 0 0 0 0 0 0 0 0 0 0 0 0 0 0 2 9513.7651 
sw133b002_9467 5 0.3006633 0.087508 0.0818727 0.0672242 0.0640584 0 0 0 0 0 0 0 0 0 0 0 0 0 0 0 0 0 0 0 0 0 0 0 0 2 9518.0289 
