sw133b001_5000 5 1.2274192 0.414712 0.4233804 0.2008211 0.1885057 0 0 0 0 0 0 0 0 0 0 0 0 0 0 0 0 0 0 0 0 0 0 0 0 2 5004.4984 
sw133b001_5000 5 1.1908787 0.4482783 0.4077465 0.1649821 0.1698718 0 0 0 0 0 0 0 0 0 0 0 0 0 0 0 0 0 0 0 0 0 0 0 0 3 5008.7285 
sw133b001_5000 5 1.2341433 0.4679241 0.425816 0.1680131 0.1723901 0 0 0 0 0 0 0 0 0 0 0 0 0 0 0 0 0 0 0 0 0 0 0 0 2 5008.847 
sw133b001_5000 5 1.1821841 0.4446304 0.4093579 0.1612232 0.1669726 0 0 0 0 0 0 0 0 0 0 0 0 0 0 0 0 0 0 0 0 0 0 0 0 2 5012.376 
sw133b001_5000 5 1.1823991 0.4427664 0.4033849 0.1710242 0.1652236 0 0 0 0 0 0 0 0 0 0 0 0 0 0 0 0 0 0 0 0 0 0 0 0 3 5012.5993 
sw133b001_5000 5 1.1829706 0.4426732 0.4053447 0.168993 0.1659597 0 0 0 0 0 0 0 0 0 0 0 0 0 0 0 0 0 0 0 0 0 0 0 0 2 5015.7572 
sw133b001_5000 5 1.1817146 0.4340985 0.4076726 0.1716927 0.1682508 0 0 0 0 0 0 0 0 0 0 0 0 0 0 0 0 0 0 0 0 0 0 0 0 3 5015.9693 
sw133b001_5000 5 1.2125103 0.4499522 0.4109913 0.1719778 0.179589 0 0 0 0 0 0 0 0 0 0 0 0 0 0 0 0 0 0 0 0 0 0 0 0 2 5018.8658 
sw133b001_5000 5 1.2202084 0.46015 0.4140129 0.176763 0.1692825 0 0 0 0 0 0 0 0 0 0 0 0 0 0 0 0 0 0 0 0 0 0 0 0 2 5022.3551 
sw133b001_5000 5 1.1978531 0.4454891 0.4118093 0.1737731 0.1667816 0 0 0 0 0 0 0 0 0 0 0 0 0 0 0 0 0 0 0 0 0 0 0 0 3 5022.5487 
sw133b001_5000 5 1.2774953 0.4677569 0.4272467 0.1819881 0.2005036 0 0 0 0 0 0 0 0 0 0 0 0 0 0 0 0 0 0 0 0 0 0 0 0 2 5025.989 
sw133b001_5000 5 1.2084312 0.4486204 0.4246827 0.1604543 0.1746738 0 0 0 0 0 0 0 0 0 0 0 0 0 0 0 0 0 0 0 0 0 0 0 0 3 5026.6384 
sw133b001_5000 5 1.2877105 0.4724348 0.4350812 0.1824735 0.197721 0 0 0 0 0 0 0 0 0 0 0 0 0 0 0 0 0 0 0 0 0 0 0 0 2 5029.7154 
sw133b001_5000 5 1.2181454 0.4468812 0.4161289 0.1779801 0.1771552 0 0 0 0 0 0 0 0 0 0 0 0 0 0 0 0 0 0 0 0 0 0 0 0 3 5030.8848 
sw133b001_5000 5 1.3120374 0.4747181 0.4506273 0.189905 0.196787 0 0 0 0 0 0 0 0 0 0 0 0 0 0 0 0 0 0 0 0 0 0 0 0 2 5033.769 
sw133b001_5000 5 1.2209721 0.4448782 0.4232118 0.177406 0.1754761 0 0 0 0 0 0 0 0 0 0 0 0 0 0 0 0 0 0 0 0 0 0 0 0 3 5035.1707 
sw133b001_5000 5 1.3291536 0.4749742 0.4542469 0.1901599 0.2097726 0 0 0 0 0 0 0 0 0 0 0 0 0 0 0 0 0 0 0 0 0 0 0 0 2 5037.8046 
sw133b001_5000 5 1.2119434 0.4475198 0.4091358 0.1739279 0.1813599 0 0 0 0 0 0 0 0 0 0 0 0 0 0 0 0 0 0 0 0 0 0 0 0 3 5039.2023 
sw133b001_5000 5 1.3410315 0.4840971 0.4562719 0.1939387 0.2067238 0 0 0 0 0 0 0 0 0 0 0 0 0 0 0 0 0 0 0 0 0 0 0 0 2 5043.4773 
sw133b001_5000 5 1.393256 0.487544 0.47464 0.203536 0.227536 0 0 0 0 0 0 0 0 0 0 0 0 0 0 0 0 0 0 0 0 0 0 0 0 2 5048.1461 
