sw133a004_20239 6 0.2175083 0.0369333 0.0532167 0.0434333 0.0433667 0.0405583 0 0 0 0 0 0 0 0 0 0 0 0 0 0 0 0 0 0 0 0 0 0 0 1 27690.4123 
sw133a004_20239 5 0.3131333 0.0780583 0.0915834 0.07545 0.0680416 0 0 0 0 0 0 0 0 0 0 0 0 0 0 0 0 0 0 0 0 0 0 0 0 1 27694.7264 
sw133a004_20239 5 0.7404859 0.2216558 0.2390567 0.151736 0.1280374 0 0 0 0 0 0 0 0 0 0 0 0 0 0 0 0 0 0 0 0 0 0 0 0 2 27694.8961 
sw133a004_20239 5 0.6884286 0.1975732 0.2145685 0.1583098 0.1179771 0 0 0 0 0 0 0 0 0 0 0 0 0 0 0 0 0 0 0 0 0 0 0 0 2 27699.1759 
sw133a004_20239 5 0.307825 0.0888583 0.087725 0.0759083 0.0553334 0 0 0 0 0 0 0 0 0 0 0 0 0 0 0 0 0 0 0 0 0 0 0 0 1 27699.2664 
sw133a004_20239 5 0.3043583 0.0871166 0.08905 0.0576167 0.070575 0 0 0 0 0 0 0 0 0 0 0 0 0 0 0 0 0 0 0 0 0 0 0 0 1 27703.426 
sw133a004_20239 5 0.6970387 0.2005916 0.2236298 0.1518082 0.1210091 0 0 0 0 0 0 0 0 0 0 0 0 0 0 0 0 0 0 0 0 0 0 0 0 2 27703.4662 
sw133a004_20239 5 0.6957049 0.2027379 0.2231991 0.1486448 0.1211231 0 0 0 0 0 0 0 0 0 0 0 0 0 0 0 0 0 0 0 0 0 0 0 0 2 27707.8076 
sw133a004_20239 5 0.3163417 0.0927 0.0918084 0.0647333 0.0671 0 0 0 0 0 0 0 0 0 0 0 0 0 0 0 0 0 0 0 0 0 0 0 0 1 27708.079 
sw133a004_20239 5 0.7237724 0.207431 0.2337097 0.1570214 0.1256103 0 0 0 0 0 0 0 0 0 0 0 0 0 0 0 0 0 0 0 0 0 0 0 0 2 27712.5538 
sw133a004_20239 5 0.3181334 0.0992917 0.0852833 0.0727834 0.060775 0 0 0 0 0 0 0 0 0 0 0 0 0 0 0 0 0 0 0 0 0 0 0 0 1 27712.6584 
sw133a004_20239 5 0.3285583 0.1104583 0.0804333 0.0683834 0.0692833 0 0 0 0 0 0 0 0 0 0 0 0 0 0 0 0 0 0 0 0 0 0 0 0 1 27717.0328 
sw133a004_20239 5 0.7099814 0.2045056 0.2268684 0.1495662 0.1290412 0 0 0 0 0 0 0 0 0 0 0 0 0 0 0 0 0 0 0 0 0 0 0 0 2 27717.2569 
sw133a004_20239 5 0.3191416 0.096325 0.0842416 0.06915 0.069425 0 0 0 0 0 0 0 0 0 0 0 0 0 0 0 0 0 0 0 0 0 0 0 0 1 27721.3522 
sw133a004_20239 5 0.7308625 0.2135536 0.233667 0.1492225 0.1344194 0 0 0 0 0 0 0 0 0 0 0 0 0 0 0 0 0 0 0 0 0 0 0 0 2 27721.4253 
sw133a004_20239 5 0.739375 0.2153667 0.2396167 0.1571333 0.1272583 0 0 0 0 0 0 0 0 0 0 0 0 0 0 0 0 0 0 0 0 0 0 0 0 2 27725.9194 
sw133a004_20239 5 0.7301566 0.2093854 0.2339021 0.1623356 0.1245335 0 0 0 0 0 0 0 0 0 0 0 0 0 0 0 0 0 0 0 0 0 0 0 0 2 27730.3522 
sw133a004_20239 5 0.3088333 0.0871833 0.1004834 0.0670416 0.054125 0 0 0 0 0 0 0 0 0 0 0 0 0 0 0 0 0 0 0 0 0 0 0 0 1 27730.3669 
sw133a004_20239 5 0.3263318 0.0942666 0.0987 0.0674834 0.0658818 0 0 0 0 0 0 0 0 0 0 0 0 0 0 0 0 0 0 0 0 0 0 0 0 1 27734.2799 
sw133a004_20239 5 0.6863199 0.1963982 0.2040268 0.1644187 0.1214762 0 0 0 0 0 0 0 0 0 0 0 0 0 0 0 0 0 0 0 0 0 0 0 0 2 27734.4169 
sw133a004_20239 5 0.7045598 0.2033917 0.233809 0.1380528 0.1293063 0 0 0 0 0 0 0 0 0 0 0 0 0 0 0 0 0 0 0 0 0 0 0 0 2 27738.2767 
sw133a004_20239 5 0.3341 0.09995 0.0999385 0.0729032 0.0613083 0 0 0 0 0 0 0 0 0 0 0 0 0 0 0 0 0 0 0 0 0 0 0 0 1 27738.2802 
sw133a004_20239 5 0.3260834 0.0998167 0.0988083 0.0707834 0.056675 0 0 0 0 0 0 0 0 0 0 0 0 0 0 0 0 0 0 0 0 0 0 0 0 1 27742.6589 
