sw134a001_10 10 1.46484 0.287024 0.164592 0.135448 0.133032 0.14192 0.137352 0.135528 0.138168 0.191776 0 0 0 0 0 0 0 0 0 0 0 0 0 0 0 0 0 0 0 1 19.5367 
sw134a001_10 5 1.087585 0.374129 0.368989 0.162731 0.181736 0 0 0 0 0 0 0 0 0 0 0 0 0 0 0 0 0 0 0 0 0 0 0 0 2 20.8618 
sw134a001_10 5 1.000957 0.336378 0.335218 0.175412 0.153949 0 0 0 0 0 0 0 0 0 0 0 0 0 0 0 0 0 0 0 0 0 0 0 0 2 24.0949 
sw134a001_10 9 1.281504 0.24588 0.154696 0.146616 0.154104 0.146768 0.138912 0.136992 0.157536 0 0 0 0 0 0 0 0 0 0 0 0 0 0 0 0 0 0 0 0 1 24.2957 
sw134a001_10 5 0.866256 0.259816 0.304912 0.168808 0.13272 0 0 0 0 0 0 0 0 0 0 0 0 0 0 0 0 0 0 0 0 0 0 0 0 1 28.444 
sw134a001_10 5 0.988428 0.345777 0.315559 0.174941 0.152151 0 0 0 0 0 0 0 0 0 0 0 0 0 0 0 0 0 0 0 0 0 0 0 0 2 31.4694 
sw134a001_10 5 0.846168 0.263369 0.267415 0.179184 0.1362 0 0 0 0 0 0 0 0 0 0 0 0 0 0 0 0 0 0 0 0 0 0 0 0 1 32.1307 
sw134a001_10 4 0.785872 0.303656 0.306144 0.176072 0 0 0 0 0 0 0 0 0 0 0 0 0 0 0 0 0 0 0 0 0 0 0 0 0 2 35.0206 
sw134a001_10 5 0.828728 0.242984 0.270168 0.175096 0.14048 0 0 0 0 0 0 0 0 0 0 0 0 0 0 0 0 0 0 0 0 0 0 0 0 1 35.9564 
sw134a001_10 5 0.925048 0.301944 0.291408 0.17416 0.157536 0 0 0 0 0 0 0 0 0 0 0 0 0 0 0 0 0 0 0 0 0 0 0 0 2 38.5344 
sw134a001_10 5 0.804368 0.242024 0.251296 0.170816 0.140232 0 0 0 0 0 0 0 0 0 0 0 0 0 0 0 0 0 0 0 0 0 0 0 0 1 39.0385 
sw134a001_10 5 0.812872 0.246696 0.249944 0.173608 0.142624 0 0 0 0 0 0 0 0 0 0 0 0 0 0 0 0 0 0 0 0 0 0 0 0 1 42.5789 
sw134a001_10 22 1.231944 0.037712 0.037408 0.043984 0.058008 0.044304 0.044144 0.041232 0.04196 0.04036 0.039832 0.039928 0.038616 0.038504 0.041392 0.043552 0.046968 0.05908 0.06784 0.087552 0.147304 0.192264 0 0 0 0 0 0 0 2 46.6047 
sw134a001_10 5 0.833768 0.260152 0.254736 0.170864 0.148016 0 0 0 0 0 0 0 0 0 0 0 0 0 0 0 0 0 0 0 0 0 0 0 0 1 47.2508 
sw134a001_10 5 0.86144 0.264632 0.27192 0.183472 0.141416 0 0 0 0 0 0 0 0 0 0 0 0 0 0 0 0 0 0 0 0 0 0 0 0 1 51.4763 
sw134a001_10 21 1.17324 0.037736 0.037592 0.045808 0.053544 0.048368 0.043416 0.040992 0.04188 0.040424 0.039424 0.039584 0.04032 0.039952 0.042112 0.044896 0.052968 0.069408 0.086504 0.147752 0.18056 0 0 0 0 0 0 0 0 2 53.0401 
