sw133b001_5231 7 1.487216 0.4827515 0.3773365 0.134352 0.1346059 0.1650711 0.193099 0 0 0 0 0 0 0 0 0 0 0 0 0 0 0 0 0 0 0 0 0 0 3 5233.2727 
sw133b001_5231 11 2.001372 0.4562437 0.3756731 0.1650036 0.1363242 0.1261802 0.1385266 0.1383333 0.1337446 0.1454228 0.1859199 0 0 0 0 0 0 0 0 0 0 0 0 0 0 0 0 0 0 2 5238.7228 
sw133b001_5231 9 1.6993238 0.4835022 0.3722512 0.1212168 0.1230926 0.1372634 0.1364451 0.1446221 0.1809304 0 0 0 0 0 0 0 0 0 0 0 0 0 0 0 0 0 0 0 0 3 5238.7587 
sw133b001_5231 9 1.327552 0.26176 0.167928 0.147888 0.138216 0.148728 0.1534 0.151008 0.158624 0 0 0 0 0 0 0 0 0 0 0 0 0 0 0 0 0 0 0 0 2 5249.4093 
sw133b001_5231 5 1.1847674 0.405856 0.38264 0.223568 0.1727034 0 0 0 0 0 0 0 0 0 0 0 0 0 0 0 0 0 0 0 0 0 0 0 0 3 5250.8272 
sw133b001_5231 10 1.5481316 0.2875876 0.173008 0.15312 0.14496 0.1454351 0.1551515 0.1549654 0.155752 0.178152 0 0 0 0 0 0 0 0 0 0 0 0 0 0 0 0 0 0 0 2 5257.468 
sw133b001_5231 5 1.200672 0.411576 0.410872 0.199344 0.17888 0 0 0 0 0 0 0 0 0 0 0 0 0 0 0 0 0 0 0 0 0 0 0 0 3 5260.7653 
sw133b001_5231 10 1.6170853 0.314197 0.1902158 0.1601267 0.1632359 0.1564882 0.1534739 0.1514342 0.1547313 0.1731823 0 0 0 0 0 0 0 0 0 0 0 0 0 0 0 0 0 0 0 2 5264.9571 
sw133b001_5231 5 1.184736 0.417576 0.387184 0.195712 0.184264 0 0 0 0 0 0 0 0 0 0 0 0 0 0 0 0 0 0 0 0 0 0 0 0 3 5269.559 
sw133b001_5231 5 1.1579889 0.3793179 0.3874983 0.222728 0.1684447 0 0 0 0 0 0 0 0 0 0 0 0 0 0 0 0 0 0 0 0 0 0 0 0 3 5274.999 
