sw134a001_319 5 0.796768 0.248136 0.253944 0.158944 0.135744 0 0 0 0 0 0 0 0 0 0 0 0 0 0 0 0 0 0 0 0 0 0 0 0 1 327.1805 
sw134a001_319 8 0.3513058 0.0517213 0.0514793 0.0527453 0.0436449 0.0470861 0.0494997 0.0551292 0 0 0 0 0 0 0 0 0 0 0 0 0 0 0 0 0 0 0 0 0 2 330.0007 
sw134a001_319 5 0.779904 0.236792 0.254304 0.15276 0.136048 0 0 0 0 0 0 0 0 0 0 0 0 0 0 0 0 0 0 0 0 0 0 0 0 1 330.6266 
sw134a001_319 8 0.3529078 0.0458657 0.0494172 0.0521939 0.0467939 0.0503698 0.0481615 0.0601058 0 0 0 0 0 0 0 0 0 0 0 0 0 0 0 0 0 0 0 0 0 2 333.9948 
sw134a001_319 5 0.726176 0.213872 0.22516 0.15456 0.132584 0 0 0 0 0 0 0 0 0 0 0 0 0 0 0 0 0 0 0 0 0 0 0 0 1 334.4149 
sw134a001_319 5 0.718432 0.2229485 0.2211155 0.148312 0.126056 0 0 0 0 0 0 0 0 0 0 0 0 0 0 0 0 0 0 0 0 0 0 0 0 1 338.8426 
sw134a001_319 8 0.3565645 0.0475056 0.0572977 0.0542904 0.0463377 0.0473777 0.0484735 0.0552819 0 0 0 0 0 0 0 0 0 0 0 0 0 0 0 0 0 0 0 0 0 2 338.9301 
sw134a001_319 5 0.719168 0.215728 0.22496 0.14664 0.13184 0 0 0 0 0 0 0 0 0 0 0 0 0 0 0 0 0 0 0 0 0 0 0 0 1 343.4783 
sw134a001_319 9 0.41575 0.0441535 0.0495541 0.0527339 0.0491695 0.0517504 0.0559111 0.0616972 0.0507803 0 0 0 0 0 0 0 0 0 0 0 0 0 0 0 0 0 0 0 0 2 343.6499 
sw134a001_319 5 0.738152 0.216952 0.235704 0.153344 0.132152 0 0 0 0 0 0 0 0 0 0 0 0 0 0 0 0 0 0 0 0 0 0 0 0 1 347.6858 
sw134a001_319 7 0.3085134 0.0451051 0.0519663 0.0535467 0.0464451 0.0530002 0.05845 0 0 0 0 0 0 0 0 0 0 0 0 0 0 0 0 0 0 0 0 0 0 2 347.698 
sw134a001_319 5 0.3029835 0.0887783 0.0864849 0.0672306 0.0604897 0 0 0 0 0 0 0 0 0 0 0 0 0 0 0 0 0 0 0 0 0 0 0 0 2 352.266 
sw134a001_319 5 0.3016551 0.087579 0.0851814 0.0671501 0.0617446 0 0 0 0 0 0 0 0 0 0 0 0 0 0 0 0 0 0 0 0 0 0 0 0 2 357.0464 
sw134a001_319 5 0.3096818 0.0919584 0.0880145 0.0675312 0.0621777 0 0 0 0 0 0 0 0 0 0 0 0 0 0 0 0 0 0 0 0 0 0 0 0 2 361.5662 
