sw133b001_5186 5 1.4217236 0.4886501 0.4928184 0.2177537 0.2225014 0 0 0 0 0 0 0 0 0 0 0 0 0 0 0 0 0 0 0 0 0 0 0 0 2 5194.3489 
sw133b001_5186 5 1.4398862 0.4941673 0.4929935 0.2345817 0.2181437 0 0 0 0 0 0 0 0 0 0 0 0 0 0 0 0 0 0 0 0 0 0 0 0 2 5198.4677 
sw133b001_5186 5 1.4088966 0.4970963 0.4978455 0.2220534 0.1919014 0 0 0 0 0 0 0 0 0 0 0 0 0 0 0 0 0 0 0 0 0 0 0 0 2 5202.1368 
sw133b001_5186 5 1.3178086 0.4958749 0.4508189 0.1709654 0.2001494 0 0 0 0 0 0 0 0 0 0 0 0 0 0 0 0 0 0 0 0 0 0 0 0 3 5202.1685 
sw133b001_5186 5 1.387294 0.5559256 0.4609762 0.1640939 0.2062983 0 0 0 0 0 0 0 0 0 0 0 0 0 0 0 0 0 0 0 0 0 0 0 0 3 5206.0818 
sw133b001_5186 5 1.2923859 0.4171016 0.4616668 0.2235241 0.1900934 0 0 0 0 0 0 0 0 0 0 0 0 0 0 0 0 0 0 0 0 0 0 0 0 2 5206.1605 
sw133b001_5186 5 1.2862792 0.4720994 0.4414923 0.1808174 0.1918701 0 0 0 0 0 0 0 0 0 0 0 0 0 0 0 0 0 0 0 0 0 0 0 0 3 5210.3834 
sw133b001_5186 5 1.2838657 0.4721779 0.4402698 0.180919 0.190499 0 0 0 0 0 0 0 0 0 0 0 0 0 0 0 0 0 0 0 0 0 0 0 0 2 5210.4426 
sw133b001_5186 5 1.2855073 0.461908 0.4497913 0.1816437 0.1921643 0 0 0 0 0 0 0 0 0 0 0 0 0 0 0 0 0 0 0 0 0 0 0 0 3 5214.6818 
sw133b001_5186 5 1.2826427 0.4606019 0.4489422 0.1814442 0.1916544 0 0 0 0 0 0 0 0 0 0 0 0 0 0 0 0 0 0 0 0 0 0 0 0 2 5214.7333 
