sw133b002_8905 9 1.3568254 0.275256 0.1623262 0.1725428 0.1708562 0.1552626 0.1366432 0.1329238 0.1510146 0 0 0 0 0 0 0 0 0 0 0 0 0 0 0 0 0 0 0 0 2 8910.3561 
sw133b002_8905 7 1.1154837 0.2966088 0.1686941 0.1640351 0.1599212 0.1594861 0.1667384 0 0 0 0 0 0 0 0 0 0 0 0 0 0 0 0 0 0 0 0 0 0 3 8910.663 
sw133b002_8905 10 1.621767 0.2929662 0.1868611 0.1786051 0.1614798 0.1613651 0.1533944 0.1469652 0.1541784 0.1859517 0 0 0 0 0 0 0 0 0 0 0 0 0 0 0 0 0 0 0 2 8912.6386 
sw133b002_8905 6 0.3422301 0.0225433 0.0706569 0.0648375 0.0601255 0.1240669 0 0 0 0 0 0 0 0 0 0 0 0 0 0 0 0 0 0 0 0 0 0 0 2 8916.1414 
sw133b002_8905 5 1.1081663 0.370935 0.3760391 0.1986794 0.1625128 0 0 0 0 0 0 0 0 0 0 0 0 0 0 0 0 0 0 0 0 0 0 0 0 2 8917.6716 
sw133b002_8905 5 0.9625322 0.30587 0.3146346 0.1893355 0.1526921 0 0 0 0 0 0 0 0 0 0 0 0 0 0 0 0 0 0 0 0 0 0 0 0 3 8919.2608 
sw133b002_8905 5 0.9780357 0.3389706 0.3142638 0.177093 0.1477083 0 0 0 0 0 0 0 0 0 0 0 0 0 0 0 0 0 0 0 0 0 0 0 0 2 8923.6243 
sw133b002_8905 21 1.2067012 0.0418112 0.0416226 0.0542066 0.0510134 0.0433734 0.0432329 0.0412445 0.0389574 0.0390009 0.039307 0.0404558 0.0397049 0.0419358 0.0467334 0.0525722 0.0597334 0.071947 0.0886668 0.1423204 0.1888616 0 0 0 0 0 0 0 0 3 8924.7572 
sw133b002_8905 5 1.0523216 0.3396321 0.3413987 0.1977507 0.1735401 0 0 0 0 0 0 0 0 0 0 0 0 0 0 0 0 0 0 0 0 0 0 0 0 2 8930.6194 
sw133b002_8905 23 1.314472 0.039096 0.040248 0.05252 0.0464 0.045112 0.04572 0.04236 0.040984 0.0402 0.039792 0.04084 0.039584 0.039048 0.042976 0.044072 0.045232 0.052688 0.060184 0.070744 0.0852 0.1379688 0.2235032 0 0 0 0 0 0 3 8933.9534 
sw133b002_8905 5 1.0466968 0.3356875 0.3396576 0.2026275 0.1687242 0 0 0 0 0 0 0 0 0 0 0 0 0 0 0 0 0 0 0 0 0 0 0 0 2 8935.8322 
sw133b002_8905 5 1.0183704 0.3358543 0.3031254 0.2134107 0.16598 0 0 0 0 0 0 0 0 0 0 0 0 0 0 0 0 0 0 0 0 0 0 0 0 2 8940.2745 
sw133b002_8905 23 1.3240876 0.039708 0.0374249 0.045146 0.0487053 0.0438612 0.0440557 0.0428824 0.0408927 0.0393646 0.0391688 0.0397067 0.0397633 0.039552 0.041952 0.044544 0.04604 0.05452 0.058096 0.067976 0.087176 0.146312 0.23724 0 0 0 0 0 0 3 8941.0511 
sw133b002_8905 5 1.0641878 0.3440059 0.3478405 0.1984933 0.1738481 0 0 0 0 0 0 0 0 0 0 0 0 0 0 0 0 0 0 0 0 0 0 0 0 2 8948.4615 
sw133b002_8905 5 1.0758891 0.3775107 0.3451698 0.1818027 0.1714059 0 0 0 0 0 0 0 0 0 0 0 0 0 0 0 0 0 0 0 0 0 0 0 0 3 8948.7758 
sw133b002_8905 5 1.1191799 0.3808286 0.3464286 0.2083113 0.1836114 0 0 0 0 0 0 0 0 0 0 0 0 0 0 0 0 0 0 0 0 0 0 0 0 2 8954.9944 
sw133b002_8905 5 1.1058088 0.3955513 0.3565158 0.1935082 0.1602335 0 0 0 0 0 0 0 0 0 0 0 0 0 0 0 0 0 0 0 0 0 0 0 0 3 8955.4443 
sw133b002_8905 5 1.1310184 0.3776341 0.3671519 0.2042086 0.1820238 0 0 0 0 0 0 0 0 0 0 0 0 0 0 0 0 0 0 0 0 0 0 0 0 2 8962.7963 
sw133b002_8905 5 1.1274668 0.3965525 0.3623902 0.2100495 0.1584746 0 0 0 0 0 0 0 0 0 0 0 0 0 0 0 0 0 0 0 0 0 0 0 0 3 8962.9286 
sw133b002_8905 5 1.1077444 0.3738208 0.3632348 0.2060024 0.1646864 0 0 0 0 0 0 0 0 0 0 0 0 0 0 0 0 0 0 0 0 0 0 0 0 2 8967.2505 
sw133b002_8905 5 1.1439582 0.3859446 0.3724759 0.2178015 0.1677362 0 0 0 0 0 0 0 0 0 0 0 0 0 0 0 0 0 0 0 0 0 0 0 0 3 8969.6792 
sw133b002_8905 8 1.3081443 0.3096296 0.1715602 0.1715043 0.1667385 0.1689339 0.1571296 0.1626482 0 0 0 0 0 0 0 0 0 0 0 0 0 0 0 0 0 0 0 0 0 2 8977.1416 
