sw133b001_5956 8 0.3567441 0.0469953 0.052246 0.055344 0.0497399 0.0488774 0.0501575 0.053384 0 0 0 0 0 0 0 0 0 0 0 0 0 0 0 0 0 0 0 0 0 3 5957.8584 
sw133b001_5956 5 0.8290101 0.2683437 0.2587964 0.1684924 0.1333776 0 0 0 0 0 0 0 0 0 0 0 0 0 0 0 0 0 0 0 0 0 0 0 0 2 5962.7902 
sw133b001_5956 8 0.3895331 0.0520592 0.0566409 0.0560346 0.0496517 0.0499769 0.0525529 0.0726169 0 0 0 0 0 0 0 0 0 0 0 0 0 0 0 0 0 0 0 0 0 3 5963.0277 
sw133b001_5956 5 0.801729 0.2491536 0.2538035 0.1595619 0.13921 0 0 0 0 0 0 0 0 0 0 0 0 0 0 0 0 0 0 0 0 0 0 0 0 2 5968.2334 
sw133b001_5956 5 0.30616 0.0889023 0.0910689 0.0660578 0.060131 0 0 0 0 0 0 0 0 0 0 0 0 0 0 0 0 0 0 0 0 0 0 0 0 3 5968.7751 
sw133b001_5956 5 0.799728 0.240184 0.260928 0.167568 0.131048 0 0 0 0 0 0 0 0 0 0 0 0 0 0 0 0 0 0 0 0 0 0 0 0 2 5973.1953 
sw133b001_5956 5 0.3140842 0.0921657 0.0873671 0.0712686 0.0632828 0 0 0 0 0 0 0 0 0 0 0 0 0 0 0 0 0 0 0 0 0 0 0 0 3 5973.8761 
sw133b001_5956 5 0.3086945 0.0907481 0.090465 0.0687743 0.0587071 0 0 0 0 0 0 0 0 0 0 0 0 0 0 0 0 0 0 0 0 0 0 0 0 2 5978.9209 
sw133b001_5956 5 0.3120062 0.090843 0.0900413 0.0687738 0.0623481 0 0 0 0 0 0 0 0 0 0 0 0 0 0 0 0 0 0 0 0 0 0 0 0 2 5984.39 
sw133b001_5956 5 0.3175883 0.0936187 0.0878572 0.0710587 0.0650537 0 0 0 0 0 0 0 0 0 0 0 0 0 0 0 0 0 0 0 0 0 0 0 0 2 5988.8438 
sw133b001_5956 5 0.7996631 0.2434658 0.251628 0.1687177 0.1358516 0 0 0 0 0 0 0 0 0 0 0 0 0 0 0 0 0 0 0 0 0 0 0 0 3 5989.7084 
sw133b001_5956 5 0.3017231 0.0921695 0.0800899 0.06554 0.0639237 0 0 0 0 0 0 0 0 0 0 0 0 0 0 0 0 0 0 0 0 0 0 0 0 2 5994.0178 
sw133b001_5956 5 0.7691354 0.23321 0.2444407 0.1571406 0.1343441 0 0 0 0 0 0 0 0 0 0 0 0 0 0 0 0 0 0 0 0 0 0 0 0 3 5994.1476 
sw133b001_5956 5 0.3007732 0.0914176 0.0836344 0.0682466 0.0574746 0 0 0 0 0 0 0 0 0 0 0 0 0 0 0 0 0 0 0 0 0 0 0 0 2 5998.334 
sw133b001_5956 5 0.7381362 0.2194087 0.2305956 0.1593036 0.1288283 0 0 0 0 0 0 0 0 0 0 0 0 0 0 0 0 0 0 0 0 0 0 0 0 3 5998.419 
sw133b001_5956 5 0.7950629 0.2435077 0.2505692 0.164575 0.136411 0 0 0 0 0 0 0 0 0 0 0 0 0 0 0 0 0 0 0 0 0 0 0 0 2 6005.5698 
sw133b001_5956 5 0.7763741 0.2392343 0.2514373 0.1562432 0.1294593 0 0 0 0 0 0 0 0 0 0 0 0 0 0 0 0 0 0 0 0 0 0 0 0 2 6013.6662 
sw133b001_5956 5 0.3069343 0.0913304 0.0816486 0.070761 0.0631943 0 0 0 0 0 0 0 0 0 0 0 0 0 0 0 0 0 0 0 0 0 0 0 0 3 6014.7951 
sw133b001_5956 5 0.7377668 0.2354816 0.2229971 0.1568749 0.1224132 0 0 0 0 0 0 0 0 0 0 0 0 0 0 0 0 0 0 0 0 0 0 0 0 2 6018.8454 
sw133b001_5956 5 0.3072823 0.0862705 0.0828116 0.0710748 0.0671254 0 0 0 0 0 0 0 0 0 0 0 0 0 0 0 0 0 0 0 0 0 0 0 0 3 6019.1314 
sw133b001_5956 5 0.7240628 0.2259402 0.2229758 0.1429546 0.1321922 0 0 0 0 0 0 0 0 0 0 0 0 0 0 0 0 0 0 0 0 0 0 0 0 2 6023.1778 
sw133b001_5956 5 0.7301393 0.2204376 0.2332037 0.1450792 0.1314188 0 0 0 0 0 0 0 0 0 0 0 0 0 0 0 0 0 0 0 0 0 0 0 0 3 6023.3009 
sw133b001_5956 5 0.7545906 0.2325709 0.2410623 0.1500266 0.1309308 0 0 0 0 0 0 0 0 0 0 0 0 0 0 0 0 0 0 0 0 0 0 0 0 2 6028.0186 
sw133b001_5956 5 0.7371005 0.2304055 0.2237876 0.1544207 0.1284867 0 0 0 0 0 0 0 0 0 0 0 0 0 0 0 0 0 0 0 0 0 0 0 0 3 6028.1145 
sw133b001_5956 5 0.7637667 0.2286349 0.2344246 0.1601481 0.1405591 0 0 0 0 0 0 0 0 0 0 0 0 0 0 0 0 0 0 0 0 0 0 0 0 2 6032.1292 
sw133b001_5956 5 0.8556858 0.2637507 0.2800775 0.175597 0.1362606 0 0 0 0 0 0 0 0 0 0 0 0 0 0 0 0 0 0 0 0 0 0 0 0 2 6039.0859 
